0.000000000000000000e+00 0.000000000000000000e+00 -9.000000000000000000e+01 0.000000000000000000e+00 0.000000000000000000e+00 9.000000000000000000e+01
3.015075376884421843e-01 5.222864497301983988e+01 -8.994656773224150470e+01 -2.297587055032151160e-01 -3.774958343684793505e+01 -3.917737796280422202e+01
6.030150753768843686e-01 5.216564169280081131e+01 -8.989312726921929197e+01 -2.297587056442189912e-01 -3.783205894478223996e+01 -3.916658499922890257e+01
9.045226130653265528e-01 5.210265466577514104e+01 -8.983967855408019432e+01 -2.297587055032151160e-01 -3.791450304951040806e+01 -3.915570649538673820e+01
1.206030150753768737e+00 5.203968400777041836e+01 -8.978622152995120587e+01 -2.297587054327132061e-01 -3.799691552385267812e+01 -3.914474250649158193e+01
1.507537688442210921e+00 5.197672983451676032e+01 -8.973275614003469514e+01 -2.297587055032151160e-01 -3.807929614125857398e+01 -3.913369308814340997e+01
1.809045226130653106e+00 5.191379226168892558e+01 -8.967928232763316032e+01 -2.297587055737170536e-01 -3.816164467581050701e+01 -3.912255829632666604e+01
2.110552763819095290e+00 5.185087140490378488e+01 -8.962580003618094793e+01 -2.297587054327132061e-01 -3.824396090222761302e+01 -3.911133818740983514e+01
2.412060301507537474e+00 5.178796737958945329e+01 -8.957230920910814120e+01 -2.297587054327132061e-01 -3.832624459586931209e+01 -3.910003281814322662e+01
2.713567839195979658e+00 5.172508030107592703e+01 -8.951880978991999882e+01 -2.297587055737170536e-01 -3.840849553273891814e+01 -3.908864224565792966e+01
3.015075376884421843e+00 5.166221028472482857e+01 -8.946530172231817346e+01 -2.297587053622112407e-01 -3.849071348948687898e+01 -3.907716652746442065e+01
3.316582914572864027e+00 5.159935744567724214e+01 -8.941178494998655424e+01 -2.297587052212074210e-01 -3.857289824341440010e+01 -3.906560572145060206e+01
3.618090452261306211e+00 5.153652189890166824e+01 -8.935825941662295691e+01 -2.297587054327132061e-01 -3.865504957247833318e+01 -3.905395988588274037e+01
3.919597989949748396e+00 5.147370375936782949e+01 -8.930472506608609251e+01 -2.297587056442189912e-01 -3.873716725529155980e+01 -3.904222907939956144e+01
4.221105527638190580e+00 5.141090314201317568e+01 -8.925118184238303343e+01 -2.297587055737170536e-01 -3.881925107112999029e+01 -3.903041336101627223e+01
4.522613065326632764e+00 5.134812016157309955e+01 -8.919762968952130677e+01 -2.297587055737170536e-01 -3.890130079993281953e+01 -3.901851279011818008e+01
4.824120603015074948e+00 5.128535493271886025e+01 -8.914406855162187071e+01 -2.297587055032151160e-01 -3.898331622230917048e+01 -3.900652742646392568e+01
5.125628140703517133e+00 5.122260756999807541e+01 -8.909049837287327023e+01 -2.297587054327132061e-01 -3.906529711953734818e+01 -3.899445733017898874e+01
5.427135678391959317e+00 5.115987818781667329e+01 -8.903691909751478306e+01 -2.297587055032151160e-01 -3.914724327357247091e+01 -3.898230256175911279e+01
5.728643216080401501e+00 5.109716690051646992e+01 -8.898333066990065277e+01 -2.297587055737170536e-01 -3.922915446704654840e+01 -3.897006318206570086e+01
6.030150753768843686e+00 5.103447382235129481e+01 -8.892973303448755473e+01 -2.297587055737170536e-01 -3.931103048327324245e+01 -3.895773925232509782e+01
6.331658291457285870e+00 5.097179906746917055e+01 -8.887612613581697474e+01 -2.297587055032151160e-01 -3.939287110625101462e+01 -3.894533083412907359e+01
6.633165829145728054e+00 5.090914274987245847e+01 -8.882250991848133026e+01 -2.297587055032151160e-01 -3.947467612066578369e+01 -3.893283798942918850e+01
6.934673366834170238e+00 5.084650498347703262e+01 -8.876888432717711908e+01 -2.297587055032151160e-01 -3.955644531189452806e+01 -3.892026078053994809e+01
7.236180904522612423e+00 5.078388588214828303e+01 -8.871524930673544418e+01 -2.297587052917093031e-01 -3.963817846600733219e+01 -3.890759927013388619e+01
7.537688442211054607e+00 5.072128555950884987e+01 -8.866160480195941318e+01 -2.297587053622112407e-01 -3.971987536977336930e+01 -3.889485352124257389e+01
7.839195979899496791e+00 5.065870412913476173e+01 -8.860795075778972318e+01 -2.297587055032151160e-01 -3.980153581066007007e+01 -3.888202359725305968e+01
8.140703517587938975e+00 5.059614170453118476e+01 -8.855428711928638563e+01 -2.297587055737170536e-01 -3.988315957683914803e+01 -3.886910956190755684e+01
8.442211055276381160e+00 5.053359839905490247e+01 -8.850061383156582906e+01 -2.297587057147209011e-01 -3.996474645718832619e+01 -3.885611147930161735e+01
8.743718592964823344e+00 5.047107432602999211e+01 -8.844693083989895399e+01 -2.297587056442189912e-01 -4.004629624129401577e+01 -3.884302941388298791e+01
9.045226130653265528e+00 5.040856959857384822e+01 -8.839323808956456219e+01 -2.297587057147209011e-01 -4.012780871945524552e+01 -3.882986343045039490e+01
9.346733668341707713e+00 5.034608432973209347e+01 -8.833953552596253189e+01 -2.297587057852228665e-01 -4.020928368268700837e+01 -3.881661359415080881e+01
9.648241206030149897e+00 5.028361863247786800e+01 -8.828582309461751265e+01 -2.297587057147209011e-01 -4.029072092272027561e+01 -3.880327997047721311e+01
9.949748743718592081e+00 5.022117261961463441e+01 -8.823210074109519496e+01 -2.297587057147209011e-01 -4.037212023200703470e+01 -3.878986262527164541e+01
1.025125628140703427e+01 5.014287103168202009e+01 -8.818050708207636035e+01 -2.269251451965591804e-01 -4.099675111229763758e+01 -4.070947802024445394e+01
1.055276381909547645e+01 5.006230591957169196e+01 -8.812933052383039012e+01 -2.263913598367466029e-01 -4.119299071736759288e+01 -4.108771606116463460e+01
1.085427135678391863e+01 4.998267830589216487e+01 -8.807814331001151231e+01 -2.263913596220948621e-01 -4.127449144904852574e+01 -4.107399634495393315e+01
1.115577889447236082e+01 4.981874149892006898e+01 -8.802733288807002054e+01 -2.436156300020751175e-01 -4.436773786369999328e+01 -4.580040339389213244e+01
1.145728643216080300e+01 4.964453675980107761e+01 -8.797656973803367464e+01 -2.468906840055128116e-01 -4.499976827520811185e+01 -4.655095396879477931e+01
1.175879396984924519e+01 4.947530384242026003e+01 -8.792578440752561164e+01 -2.468906839399030717e-01 -4.509048057120598685e+01 -4.653353305986847488e+01
1.206030150753768737e+01 4.931069112645207753e+01 -8.787497725270947058e+01 -2.468906840055128116e-01 -4.518112822533849737e+01 -4.651602496688295929e+01
1.236180904522612956e+01 4.915037955093863786e+01 -8.782414859021162101e+01 -2.468906839399030717e-01 -4.527171099484835537e+01 -4.649842979591494441e+01
1.266331658291457174e+01 4.899407893680764658e+01 -8.777329870153681668e+01 -2.468906838742933318e-01 -4.536222863843072872e+01 -4.648074765339531211e+01
1.296482412060301392e+01 4.884152479631494970e+01 -8.772242783694346713e+01 -2.468906840711225514e-01 -4.545268091623846374e+01 -4.646297864610515660e+01
1.326633165829145611e+01 4.869247555631520186e+01 -8.767153621900027360e+01 -2.468906840055128116e-01 -4.554306758987894455e+01 -4.644512288118072263e+01
1.356783919597989829e+01 4.854671013280270842e+01 -8.762062404540162674e+01 -2.468906838742933318e-01 -4.563338842241812188e+01 -4.642718046610172422e+01
1.386934673366834048e+01 4.840402580723712589e+01 -8.756969149158820187e+01 -2.468906837430738521e-01 -4.572364317838466263e+01 -4.640915150869675898e+01
1.417085427135678266e+01 4.826423636118575189e+01 -8.751873871298664653e+01 -2.468906838742933318e-01 -4.581383162376490503e+01 -4.639103611713206732e+01
1.447236180904522485e+01 4.812717043394242467e+01 -8.746776584712102931e+01 -2.468906840055128116e-01 -4.590395352600853585e+01 -4.637283439991320932e+01
1.477386934673366703e+01 4.799267007201073199e+01 -8.741677301537296785e+01 -2.468906839399030717e-01 -4.599400865403241312e+01 -4.635454646588875249e+01
1.507537688442210921e+01 4.786058944482208943e+01 -8.736576032442536643e+01 -2.468906840711225514e-01 -4.608399677821260099e+01 -4.633617242422916860e+01
1.537688442211055140e+01 4.773079370588438053e+01 -8.731472786782899220e+01 -2.468906839399030717e-01 -4.617391767039729444e+01 -4.631771238444426331e+01
1.567839195979899358e+01 4.760315797907473012e+01 -8.726367572709065712e+01 -2.468906838086835920e-01 -4.626377110389793046e+01 -4.629916645636841110e+01
1.597989949748743577e+01 4.747756645539046616e+01 -8.721260397277518450e+01 -2.468906839399030717e-01 -4.635355685349600208e+01 -4.628053475016206875e+01
1.628140703517587795e+01 4.735391158648369014e+01 -8.716151266566512845e+01 -2.468906837430738521e-01 -4.644327469544239761e+01 -4.626181737630317059e+01
1.658291457286431836e+01 4.723209336182013374e+01 -8.711040185742612607e+01 -2.468906836774641123e-01 -4.653292440745795489e+01 -4.624301444559660013e+01
1.688442211055276232e+01 4.711201866097886892e+01 -8.705927159146364147e+01 -2.468906838742933318e-01 -4.662250576873429253e+01 -4.622412606915403899e+01
1.718592964824120628e+01 4.699360067167005184e+01 -8.700812190374242050e+01 -2.468906839399030717e-01 -4.671201855993270868e+01 -4.620515235840858992e+01
1.748743718592964669e+01 4.687675836528497797e+01 -8.695695282333031173e+01 -2.468906839399030717e-01 -4.680146256319128639e+01 -4.618609342510147542e+01
1.778894472361808710e+01 4.676141602409447984e+01 -8.690576437298949486e+01 -2.468906838742933318e-01 -4.689083756211700660e+01 -4.616694938127771053e+01
1.809045226130653106e+01 4.664750281396354836e+01 -8.685455656966863103e+01 -2.468906838742933318e-01 -4.698014334179082852e+01 -4.614772033929214956e+01
1.839195979899497502e+01 4.653495239774785119e+01 -8.680332942500226068e+01 -2.468906839399030717e-01 -4.706937968877191025e+01 -4.612840641179951007e+01
1.869346733668341543e+01 4.642370258476857003e+01 -8.675208294573874923e+01 -2.468906840711225514e-01 -4.715854639108722779e+01 -4.610900771175332835e+01
1.899497487437185583e+01 4.631369501269199418e+01 -8.670081713419520497e+01 -2.468906839399030717e-01 -4.724764323824420842e+01 -4.608952435240697554e+01
1.929648241206029979e+01 4.620487485782326331e+01 -8.664953198847572935e+01 -2.468906838742933318e-01 -4.733667002122111001e+01 -4.606995644729912698e+01
1.959798994974874375e+01 4.609719057160899780e+01 -8.659822750281864501e+01 -2.468906840711225514e-01 -4.742562653247204452e+01 -4.605030411026806547e+01
1.989949748743718416e+01 4.599059364061027111e+01 -8.654690366805385793e+01 -2.468906839399030717e-01 -4.751451256593032468e+01 -4.603056745543630512e+01
2.020100502512562457e+01 4.584291261416645824e+01 -8.650134773258056953e+01 -2.371744339082429986e-01 -5.117572856753352539e+01 -4.981962933810457628e+01
2.050251256281406853e+01 4.559984651194050542e+01 -8.646972182437281162e+01 -2.232519653611216015e-01 -6.405313414791670823e+01 -5.988151786295688339e+01
2.080402010050251249e+01 4.535936733514652275e+01 -8.643803704138619537e+01 -2.232519653611216015e-01 -6.417071298227686782e+01 -5.984548633687041530e+01
2.110552763819095290e+01 4.512141502348331557e+01 -8.640629385090298342e+01 -2.232519654336782844e-01 -6.428804356661143515e+01 -5.980935547243446848e+01
2.140703517587939331e+01 4.488593137309349146e+01 -8.637449270288394132e+01 -2.232519654336782844e-01 -6.440512612069086629e+01 -5.977312563087204467e+01
2.170854271356783727e+01 4.465285996780337996e+01 -8.634263403062672637e+01 -2.232519654336782844e-01 -6.452196086985267698e+01 -5.973679717267086886e+01
2.201005025125628123e+01 4.442214611355655052e+01 -8.631071825143686738e+01 -2.232519654336782844e-01 -6.463854804492005712e+01 -5.970037045757246119e+01
2.231155778894472164e+01 4.419373677551587321e+01 -8.627874576725764655e+01 -2.232519654336782844e-01 -6.475488788216071612e+01 -5.966384584457426143e+01
2.261306532663316204e+01 4.396758051793427313e+01 -8.624671696529242126e+01 -2.232519652885648909e-01 -6.487098062321102532e+01 -5.962722369191416760e+01
2.291457286432160600e+01 4.374362744593921093e+01 -8.621463221851803382e+01 -2.232519652885648909e-01 -6.498682651499665042e+01 -5.959050435706381421e+01
2.321608040201004997e+01 4.352182915051991330e+01 -8.618249188628561797e+01 -2.232519653611216015e-01 -6.510242580970412973e+01 -5.955368819673073233e+01
2.351758793969849037e+01 4.330213865534535245e+01 -8.615029631483713501e+01 -2.232519655062349950e-01 -6.521777876467817237e+01 -5.951677556684351345e+01
2.381909547738693078e+01 4.308451036618373564e+01 -8.611804583785897194e+01 -2.232519653611216015e-01 -6.533288564238272045e+01 -5.947976682254319769e+01
2.412060301507537474e+01 4.286890002112480857e+01 -8.608574077682823145e+01 -2.232519655062349950e-01 -6.544774671032585900e+01 -5.944266231818287594e+01
2.442211055276381870e+01 4.265526464463368939e+01 -8.605338144160839420e+01 -2.232519655787917612e-01 -6.556236224100319987e+01 -5.940546240732270178e+01
2.472361809045225911e+01 4.244356250228311467e+01 -8.602096813084799010e+01 -2.232519655062349950e-01 -6.567673251182800698e+01 -5.936816744271772706e+01
2.502512562814069952e+01 4.223375305744575314e+01 -8.598850113238165704e+01 -2.232519653611216015e-01 -6.579085780508007986e+01 -5.933077777631256566e+01
2.532663316582914348e+01 4.202579692965770164e+01 -8.595598072360161268e+01 -2.232519654336782844e-01 -6.590473840783195669e+01 -5.929329375923927614e+01
2.562814070351758744e+01 4.181965585537547980e+01 -8.592340717193002320e+01 -2.232519654336782844e-01 -6.601837461188429756e+01 -5.925571574180995782e+01
2.592964824120602785e+01 4.161529264948904228e+01 -8.589078073514650669e+01 -2.232519653611216015e-01 -6.613176671372337978e+01 -5.921804407350968802e+01
2.623115577889446826e+01 4.141267116835883400e+01 -8.585810166170125513e+01 -2.232519655062349950e-01 -6.624491501443839070e+01 -5.918027910299284144e+01
2.653266331658291222e+01 4.121175627515219730e+01 -8.582537019115088128e+01 -2.232519655062349950e-01 -6.635781981967248555e+01 -5.914242117807221177e+01
2.683417085427135618e+01 4.101251380562581517e+01 -8.579258655443294401e+01 -2.232519653611216015e-01 -6.647048143956618560e+01 -5.910447064573001796e+01
2.713567839195979658e+01 4.081491053530796620e+01 -8.575975097413456183e+01 -2.232519653611216015e-01 -6.658290018867509730e+01 -5.906642785208475743e+01
2.743718592964823699e+01 4.061891414852598814e+01 -8.572686366484833798e+01 -2.232519654336782844e-01 -6.669507638593061927e+01 -5.902829314241550662e+01
2.773869346733668095e+01 4.042449320837086191e+01 -8.569392483346922518e+01 -2.232519654336782844e-01 -6.680701035459105697e+01 -5.899006686113598619e+01
2.804020100502512491e+01 4.023161712756414232e+01 -8.566093467944114082e+01 -2.232519654336782844e-01 -6.691870242213870768e+01 -5.895174935179862530e+01
2.834170854271356532e+01 4.004025614074846118e+01 -8.562789339504226405e+01 -2.232519653611216015e-01 -6.703015292026795180e+01 -5.891334095709098762e+01
2.864321608040200573e+01 3.985038127752256543e+01 -8.559480116560933993e+01 -2.232519653611216015e-01 -6.714136218479450235e+01 -5.887484201882516999e+01
2.894472361809044969e+01 3.966196433674071642e+01 -8.556165816979213901e+01 -2.232519655062349950e-01 -6.725233055562398476e+01 -5.883625287793891800e+01
2.924623115577889365e+01 3.947497786202018943e+01 -8.552846457984352924e+01 -2.232519655062349950e-01 -6.736305837666240848e+01 -5.879757387448952954e+01
2.954773869346733406e+01 3.928939511744221846e+01 -8.549522056176994056e+01 -2.232519655787917612e-01 -6.747354599578895318e+01 -5.875880534764382901e+01
2.984924623115577447e+01 3.910519006493692018e+01 -8.546192627561356403e+01 -2.232519655062349950e-01 -6.758379376477719802e+01 -5.871994763568174847e+01
3.015075376884421843e+01 3.891504496026048088e+01 -8.542978598184305383e+01 -2.236772050783298327e-01 -6.912867873829623022e+01 -5.973400888650334650e+01
3.045226130653266239e+01 3.871896490696919813e+01 -8.539879542640935028e+01 -2.242142899251601262e-01 -7.075956079603143678e+01 -6.072548941629889896e+01
3.075376884422110280e+01 3.852425592127895015e+01 -8.536774974010776873e+01 -2.242142899251601262e-01 -7.086706945589752138e+01 -6.068584683806825808e+01
3.105527638190954320e+01 3.833089579621839249e+01 -8.533664910475846455e+01 -2.242142899974054748e-01 -7.097432428405619476e+01 -6.064612552449197835e+01
3.135678391959798716e+01 3.813886282577200859e+01 -8.530549369682327665e+01 -2.242142898529148054e-01 -7.108132582047984727e+01 -6.060632580051613871e+01
3.165829145728643113e+01 3.794813579055185926e+01 -8.527428368744924114e+01 -2.242142900696507957e-01 -7.118807460771320450e+01 -6.056644798997660928e+01
3.195979899497487153e+01 3.775869394556288228e+01 -8.524301924277949638e+01 -2.242142901418960610e-01 -7.129457119088266381e+01 -6.052649241560568782e+01
3.226130653266331194e+01 3.757051700706811914e+01 -8.521170052404593775e+01 -2.242142899974054748e-01 -7.140081611758911606e+01 -6.048645939902079505e+01
3.256281407035175590e+01 3.738358513986396048e+01 -8.518032768765758078e+01 -2.242142899974054748e-01 -7.150680993786032502e+01 -6.044634926072856018e+01
3.286432160804019986e+01 3.719787894572397846e+01 -8.514890088541577029e+01 -2.242142899974054748e-01 -7.161255320411537184e+01 -6.040616232011918640e+01
3.316582914572863672e+01 3.700270774278315145e+01 -8.512021526588688403e+01 -2.343166346330592953e-01 -7.428808145555252906e+01 -6.400724487114177919e+01
3.346733668341708068e+01 3.676989040342729709e+01 -8.510146741846818941e+01 -2.775081423767515321e-01 -8.799025863639262468e+01 -7.406802372635530674e+01
3.376884422110552464e+01 3.653759756917745705e+01 -8.508263889789100176e+01 -2.775081423183805018e-01 -8.812216969245126563e+01 -7.401769877704234091e+01
3.407035175879396860e+01 3.630583112542628754e+01 -8.506372951393257154e+01 -2.775081422600095271e-01 -8.825334841786090578e+01 -7.396730874053014304e+01
3.437185929648241256e+01 3.607459291129567447e+01 -8.504473907928547760e+01 -2.775081423183805018e-01 -8.838380078556822639e+01 -7.391685424109796543e+01
3.467336683417084942e+01 3.584388472015244531e+01 -8.502566740957303182e+01 -2.775081421432675222e-01 -8.851353271737319517e+01 -7.386633589605040129e+01
3.497487437185929338e+01 3.561370829911428615e+01 -8.500651432328123747e+01 -2.775081421432675222e-01 -8.864255008428074234e+01 -7.381575431579852875e+01
3.527638190954773734e+01 3.538406534973317719e+01 -8.498727964178601724e+01 -2.775081420848964919e-01 -8.877085870677782964e+01 -7.376511010395608992e+01
3.557788944723617419e+01 3.515495752786258521e+01 -8.496796318931237124e+01 -2.775081420848964919e-01 -8.889846435513733525e+01 -7.371440385740662293e+01
3.587939698492461815e+01 3.492638644397138137e+01 -8.494856479292928952e+01 -2.775081420848964919e-01 -8.902537274972213766e+01 -7.366363616639623046e+01
3.618090452261306211e+01 3.469835366327338022e+01 -8.492908428252846420e+01 -2.775081420848964919e-01 -8.915158956131281798e+01 -7.361280761460690769e+01
3.648241206030150607e+01 3.447086070586769324e+01 -8.490952149080257527e+01 -2.775081421432675222e-01 -8.927712041140473787e+01 -7.356191877924452172e+01
3.678391959798995003e+01 3.424390904698397264e+01 -8.488987625323187558e+01 -2.775081422600095271e-01 -8.940197087252597896e+01 -7.351097023110136774e+01
3.708542713567838689e+01 3.401750011737855317e+01 -8.487014840808248550e+01 -2.775081422016384414e-01 -8.952614646857509229e+01 -7.345996253466049097e+01
3.738693467336683085e+01 3.379163530312014529e+01 -8.485033779635159590e+01 -2.775081422600095271e-01 -8.964965267510942226e+01 -7.340889624814258241e+01
3.768844221105527481e+01 3.356631594619490500e+01 -8.483044426178207686e+01 -2.775081422600095271e-01 -8.977249491973823581e+01 -7.335777192360600907e+01
3.798994974874371167e+01 3.334154334459503133e+01 -8.481046765083172545e+01 -2.775081422016384414e-01 -8.989467858236555742e+01 -7.330659010700512113e+01
3.829145728643215563e+01 3.311731875246431400e+01 -8.479040781264600923e+01 2.775081422016384414e-01 8.998379100441110268e+01 7.325535133827767709e+01
3.859296482412059959e+01 3.289364338058232562e+01 -8.477026459906088007e+01 2.775081420848964919e-01 8.986290855497851737e+01 7.320405615141102373e+01
3.889447236180904355e+01 3.267051839624311071e+01 -8.475003786454971078e+01 2.775081421432675222e-01 8.974266883042035658e+01 7.315270507451201354e+01
3.919597989949748751e+01 3.244794492384896500e+01 -8.472972746623389639e+01 2.775081422600095271e-01 8.962306663810535667e+01 7.310129862988941341e+01
3.949748743718592436e+01 3.222592404517857290e+01 -8.470933326386392537e+01 2.775081423183805018e-01 8.950409683140945560e+01 7.304983733410955438e+01
3.979899497487436832e+01 3.200445679975586444e+01 -8.468885511980880665e+01 2.775081420848964919e-01 8.938575430934626809e+01 7.299832169808537685e+01
4.010050251256281229e+01 3.177718744762055891e+01 -8.467716542898713783e+01 2.670283347817489217e-01 7.197510677545861313e+01 7.690189947281807292e+01
4.040201005025124914e+01 3.167615960094953209e+01 -8.467138580430810180e+01 -2.485108522776359186e-01 -8.160406198344801965e+01 -8.515694323071099348e+01
4.070351758793969310e+01 3.157491506974335138e+01 -8.466556806709346006e+01 -2.485108520820899503e-01 -8.176217246685537532e+01 -8.512283043745236455e+01
4.100502512562813706e+01 3.147345593621206561e+01 -8.465971213117364869e+01 -2.485108522124539199e-01 -8.191834321025518761e+01 -8.508868959237366880e+01
4.130653266331658102e+01 3.137178428541807307e+01 -8.465381791046894477e+01 -2.485108522776359186e-01 -8.207261285443625809e+01 -8.505452129039321107e+01
4.160804020100502498e+01 3.126990220506185025e+01 -8.464788531899191071e+01 -2.485108520820899503e-01 -8.222501906466486332e+01 -8.502032611068479184e+01
4.190954773869346184e+01 3.116781178505197047e+01 -8.464191427083721919e+01 -2.485108521472719489e-01 -8.237559856009069392e+01 -8.498610461715746567e+01
4.221105527638190580e+01 3.106551511766287987e+01 -8.463590468020396429e+01 -2.485108522776359186e-01 -8.252438714151202248e+01 -8.495185735895962864e+01
4.251256281407034976e+01 3.096301429748003997e+01 -8.462985646140853646e+01 -2.485108520820899503e-01 -8.267141971858825400e+01 -8.491758487094143959e+01
4.281407035175878661e+01 3.086031142099544056e+01 -8.462376952887387915e+01 -2.485108518213619555e-01 -8.281673033623467006e+01 -8.488328767410649789e+01
4.311557788944723058e+01 3.075740858638984676e+01 -8.461764379713147832e+01 -2.485108519517259251e-01 -8.296035219981175146e+01 -8.484896627604767616e+01
4.341708542713567454e+01 3.065430789380075893e+01 -8.461147918085208630e+01 -2.485108519517259251e-01 -8.310231769967633397e+01 -8.481462117137087375e+01
4.371859296482411850e+01 3.055101144497060872e+01 -8.460527559483833215e+01 -2.485108518213619555e-01 -8.324265843510438856e+01 -8.478025284208916901e+01
4.402010050251256246e+01 3.044752134294776980e+01 -8.459903295402190793e+01 -2.485108519517259251e-01 -8.338140523703039264e+01 -8.474586175802565435e+01
4.432160804020099931e+01 3.034383969219379296e+01 -8.459275117348380491e+01 -2.485108521472719489e-01 -8.351858819026075764e+01 -8.471144837717851317e+01
4.462311557788944327e+01 3.023996859852913488e+01 -8.458643016846636442e+01 -2.485108520169079793e-01 -8.365423665518787288e+01 -8.467701314609247731e+01
4.492462311557788723e+01 3.013591016869779793e+01 -8.458006985436020386e+01 -2.485108518865439264e-01 -8.378837928822136405e+01 -8.464255650019639177e+01
4.522613065326632409e+01 3.003166651025761524e+01 -8.457367014671240213e+01 -2.485108520169079793e-01 -8.392104406215915446e+01 -8.460807886415410906e+01
4.552763819095476805e+01 2.992723973171699114e+01 -8.456723096124957806e+01 -2.485108520169079793e-01 -8.405225828561910362e+01 -8.457358065218464560e+01
4.582914572864321201e+01 2.982263194209845025e+01 -8.456075221386461749e+01 -2.485108522124539199e-01 -8.418204862155974411e+01 -8.453906226836461713e+01
4.613065326633165597e+01 2.971784525110352604e+01 -8.455423382064171278e+01 -2.485108522124539199e-01 -8.431044110606467257e+01 -8.450452410695915262e+01
4.643216080402009993e+01 2.961288176875804368e+01 -8.454767569784863213e+01 -2.485108521472719489e-01 -8.443746116535177748e+01 -8.446996655268004872e+01
4.673366834170853679e+01 2.950774360524840034e+01 -8.454107776194086910e+01 -2.485108522124539199e-01 -8.456313363332309052e+01 -8.443538998099617743e+01
4.703517587939698075e+01 2.940243287097890956e+01 -8.453443992957940623e+01 -2.485108521472719489e-01 -8.468748276781546735e+01 -8.440079475839118572e+01
4.733668341708542471e+01 2.929695167621564522e+01 -8.452776211762244429e+01 -2.485108522124539199e-01 -8.481053226672172229e+01 -8.436618124263081597e+01
4.763819095477386156e+01 2.919130213114470607e+01 -8.452104424314359221e+01 -2.485108522124539199e-01 -8.493230528349438657e+01 -8.433154978301949711e+01
4.793969849246230552e+01 2.915325508798764176e+01 -8.450612600051701406e+01 -2.465500645379559985e-01 -4.836650601902849900e+01 -7.807920676986204001e+01
4.824120603015074948e+01 2.955624544569206336e+01 -8.443721433077374172e+01 -3.400665787773765047e-01 -2.758747574278416792e+01 -3.629983541989588502e+01
4.854271356783919344e+01 2.994791299015427555e+01 -8.436793497338439352e+01 -3.400665787297434406e-01 -2.764945712203837047e+01 -3.628813513922096234e+01
4.884422110552763741e+01 3.032861303212517612e+01 -8.429830077054032245e+01 -3.400665787297434406e-01 -2.771141860385202804e+01 -3.627639846871984730e+01
4.914572864321607426e+01 3.069868912240167447e+01 -8.422832400970119693e+01 -3.400665788250096244e-01 -2.777336014066986536e+01 -3.626462543382152148e+01
4.944723618090451822e+01 3.105847332613781830e+01 -8.415801644937789661e+01 -3.400665787773765047e-01 -2.783528168509086598e+01 -3.625281605999869328e+01
4.974874371859296218e+01 3.140828651109271874e+01 -8.408738934365101159e+01 -3.400665787773765047e-01 -2.789718318989151058e+01 -3.624097037278862388e+01
5.005025125628139904e+01 3.174694467905648310e+01 -8.401923891955394197e+01 -3.323655454243454321e-01 -2.708067296345446806e+01 -3.684526911495567703e+01
5.035175879396984300e+01 3.207007811556026411e+01 -8.396472631492849814e+01 -2.953865865724257800e-01 -2.179750350802196124e+01 -4.025065544520878547e+01
5.065326633165828696e+01 3.238648345653050598e+01 -8.390993734957774564e+01 -2.953865865724257800e-01 -2.185510293097529910e+01 -4.023350985886784059e+01
5.095477386934673092e+01 3.269630722845828785e+01 -8.385487884185320695e+01 -2.953865865724257800e-01 -2.191267725969385438e+01 -4.021634372066973384e+01
5.125628140703517488e+01 3.299969301587931625e+01 -8.379955740292896849e+01 -2.953865865724257800e-01 -2.197022649357230506e+01 -4.019915705690387853e+01
5.155778894472361173e+01 3.329678146338464728e+01 -8.374397944311695596e+01 -2.953865865175877015e-01 -2.202775063209847417e+01 -4.018194989384812033e+01
5.185929648241205570e+01 3.358771028436879647e+01 -8.368815117800207304e+01 -2.953865865175877015e-01 -2.208524967487790747e+01 -4.016472225778883853e+01
5.216080402010049966e+01 3.387261427527779745e+01 -8.363207863449758861e+01 -2.953865865175877015e-01 -2.214272362161318242e+01 -4.014747417500539939e+01
5.246231155778893651e+01 3.415162533533454337e+01 -8.357576765670435748e+01 -2.953865865724257800e-01 -2.220017247210966715e+01 -4.013020567177246534e+01
5.276381909547738047e+01 3.442487249061888832e+01 -8.351922391167491355e+01 -2.953865865724257800e-01 -2.225759622628656231e+01 -4.011291677437284164e+01
5.306532663316582443e+01 3.469248192249548879e+01 -8.346245289497787212e+01 -2.953865865175877015e-01 -2.231499488415799348e+01 -4.009560750907250792e+01
5.336683417085426839e+01 3.495457699971536414e+01 -8.340545993609183029e+01 -2.953865866272638030e-01 -2.237236844584151640e+01 -4.007827790214425079e+01
5.366834170854271235e+01 3.521127831292436383e+01 -8.334825020380938554e+01 -2.953865865175877015e-01 -2.242971691157280389e+01 -4.006092797986172371e+01
5.396984924623114921e+01 3.546270371307085867e+01 -8.329082871123904397e+01 -2.953865865175877015e-01 -2.248704028166915236e+01 -4.004355776848772308e+01
5.427135678391959317e+01 3.570896835122404411e+01 -8.323320032086149922e+01 -2.953865866272638030e-01 -2.254433855656611030e+01 -4.002616729428211784e+01
5.457286432160803713e+01 3.595018472042839619e+01 -8.317536974944039230e+01 -2.953865865175877015e-01 -2.260161173679675528e+01 -4.000875658351159103e+01
5.487437185929647399e+01 3.618646270010235355e+01 -8.311734157258626965e+01 -2.953865865724257800e-01 -2.265885982300054735e+01 -3.999132566243260811e+01
5.517587939698491795e+01 3.641790960074662564e+01 -8.305912022943567763e+01 -2.953865865724257800e-01 -2.271608281590995304e+01 -3.997387455729425909e+01
5.547738693467336191e+01 3.664463021055902914e+01 -8.300071002700769895e+01 -2.953865866272638030e-01 -2.277328071637242957e+01 -3.995640329435894245e+01
5.577889447236180587e+01 3.686672684247500342e+01 -8.294211514454281087e+01 -2.953865865724257800e-01 -2.283045352532315064e+01 -3.993891189986885593e+01
5.608040201005024983e+01 3.701484870558148543e+01 -8.291567427177761829e+01 -2.194727985768563649e-01 -9.468972111064534403e+00 -5.632727479497538070e+01
5.638190954773868668e+01 3.711506736715563193e+01 -8.291084259322860817e+01 -1.897352000015355145e-01 2.286771450963733088e+01 -6.975109784057367790e+01
5.668341708542713064e+01 3.721501791224297051e+01 -8.290594062251798846e+01 -1.897351998307877097e-01 2.275530889887133412e+01 -6.975327095156771406e+01
5.698492462311557460e+01 3.731469767107664381e+01 -8.290096851240360820e+01 -1.897351996600399326e-01 2.264288354303825201e+01 -6.975539186272752090e+01
5.728643216080401146e+01 3.741410400238687117e+01 -8.289592641682901331e+01 -1.897351999161616398e-01 2.253043891619173777e+01 -6.975746055684544444e+01
5.758793969849245542e+01 3.751323429297185896e+01 -8.289081449093296783e+01 -1.897351999161616398e-01 2.241797549293682579e+01 -6.975947701709637272e+01
5.788944723618089938e+01 3.761208595820385625e+01 -8.288563289101276155e+01 -1.897351996600399326e-01 2.230549374852866507e+01 -6.976144122709429496e+01
5.819095477386934334e+01 3.771065644247857307e+01 -8.288038177448802912e+01 -1.897351997454138350e-01 2.219299415875607551e+01 -6.976335317087925603e+01
5.849246231155778730e+01 3.780894321885769216e+01 -8.287506129990640602e+01 -1.897351998307877097e-01 2.208047719997507130e+01 -6.976521283287894448e+01
5.879396984924622416e+01 3.790694378924078478e+01 -8.286967162692243960e+01 -1.897351996600399326e-01 2.196794334912497249e+01 -6.976702019798318588e+01
5.909547738693466812e+01 3.800465568483780032e+01 -8.286421291625839558e+01 -1.897351996600399326e-01 2.185539308361100552e+01 -6.976877525145535230e+01
5.939698492462311208e+01 3.810207646597157805e+01 -8.285868532970175693e+01 -1.897351996600399326e-01 2.174282688143214770e+01 -6.977047797902440607e+01
5.969849246231154893e+01 3.819920372222850347e+01 -8.285308903008279913e+01 -1.897351995746660303e-01 2.163024522101651570e+01 -6.977212836680924113e+01
6.000000000000000000e+01 3.829603507277575858e+01 -8.284742418124270102e+01 -1.897351997454138350e-01 2.151764858132630565e+01 -6.977372640136243831e+01
