0.000000000000000000e+00 0.000000000000000000e+00 -9.000000000000000000e+01 0.000000000000000000e+00 0.000000000000000000e+00 9.000000000000000000e+01
6.532663316582915103e-01 -1.624253010132229846e+01 -8.976300204045855935e+01 3.970839912541654360e-01 7.380858243060279733e+01 2.333210297283666890e+01
1.306532663316583021e+00 -1.634683319522165590e+01 -8.952590112855369853e+01 3.973600462702320812e-01 7.370252345612581735e+01 2.336669818120732600e+01
1.959798994974874642e+00 -1.645131388022218744e+01 -8.928869678238328333e+01 3.976358180711814239e-01 7.359635634614748767e+01 2.340083377433454359e+01
2.613065326633166041e+00 -1.655597011179948908e+01 -8.905138851464693062e+01 3.979113061185410305e-01 7.349008372416111001e+01 2.343450942006471394e+01
3.266331658291457440e+00 -1.666079984095828337e+01 -8.881397583257668771e+01 3.981865101086964343e-01 7.338370822262503168e+01 2.346772479961821745e+01
3.919597989949749284e+00 -1.676580101430272052e+01 -8.857645823799953178e+01 3.984614297296047991e-01 7.327723248279106372e+01 2.350047960764096544e+01
4.572864321608040683e+00 -1.687097157410953940e+01 -8.833883522741666638e+01 3.987360646435148537e-01 7.317065915453092373e+01 2.353277355225509382e+01
5.226130653266332082e+00 -1.697630945839240724e+01 -8.810110629210069533e+01 3.990104144524616592e-01 7.306399089616056131e+01 2.356460635510820723e+01
5.879396984924623482e+00 -1.708181260101294541e+01 -8.786327091809266676e+01 3.992844788713079685e-01 7.295723037426215285e+01 2.359597775142122700e+01
6.532663316582914881e+00 -1.718747893174316133e+01 -8.762532858630646615e+01 3.995582575460006058e-01 7.285038026350450480e+01 2.362688749003569555e+01
7.185929648241206280e+00 -1.729330637636049062e+01 -8.738727877256411603e+01 3.998317501746235791e-01 7.274344324646069992e+01 2.365733533346046258e+01
7.839195979899498568e+00 -1.739929285671021830e+01 -8.714912094770471640e+01 4.001049563778565354e-01 7.263642201342520366e+01 2.368732105791414000e+01
8.492462311557789079e+00 -1.750543629080220853e+01 -8.691085457761991506e+01 4.003778758285096440e-01 7.252931926222706238e+01 2.371684445337095326e+01
9.145728643216081366e+00 -1.761173459291007859e+01 -8.667247912328528514e+01 4.006505082599560730e-01 7.242213769804324386e+01 2.374590532360198836e+01
9.798994974874371877e+00 -1.773283498598248542e+01 -8.643350310613161014e+01 4.041210023847529587e-01 7.215356601180742757e+01 2.452641398654850136e+01
1.045226130653266416e+01 -1.769031501912796855e+01 -8.623988878724136953e+01 -3.563746405875537482e-01 -1.045086467283809810e+02 -3.316111638379660320e+01
1.110552763819095645e+01 -1.755986303749163824e+01 -8.606750693240562100e+01 -3.284366228615019923e-01 -1.019407266973868218e+02 -3.576129472739291515e+01
1.175879396984924696e+01 -1.745068966581663261e+01 -8.589489327897501880e+01 -3.287979330309749870e-01 -1.020621311008020200e+02 -3.577445193225594977e+01
1.241206030150753925e+01 -1.736026559066877084e+01 -8.572205576824916307e+01 -3.291588942756527580e-01 -1.021835420604963218e+02 -3.578727043672476071e+01
1.306532663316582976e+01 -1.728644783236567051e+01 -8.554900104689207296e+01 -3.295195059096815982e-01 -1.023049572919297248e+02 -3.579975006421840789e+01
1.371859296482412205e+01 -1.722740882502408510e+01 -8.537573470492290539e+01 -3.298797673536970065e-01 -1.024263745064583730e+02 -3.581189064895816898e+01
1.437185929648241256e+01 -1.718158053232233584e+01 -8.520226146309499882e+01 -3.302396780088524553e-01 -1.025477914115116533e+02 -3.582369203598871366e+01
1.502512562814070485e+01 -1.714761001447507738e+01 -8.502858532175261530e+01 -3.305992372256076339e-01 -1.026692057107694467e+02 -3.583515408118225309e+01
1.567839195979899714e+01 -1.712432380448470326e+01 -8.485470968002439918e+01 -3.309584444082565025e-01 -1.027906151043433027e+02 -3.584627665124939710e+01
1.633165829145728765e+01 -1.711069912487279510e+01 -8.468063743205365768e+01 -3.313172990146285857e-01 -1.029120172889546581e+02 -3.585705962375157441e+01
1.698492462311557816e+01 -1.710584046253728729e+01 -8.450637104538151334e+01 -3.316758003269189570e-01 -1.030334099581184546e+02 -3.586750288710315004e+01
1.763819095477387222e+01 -1.710896037486804389e+01 -8.433191262496748664e+01 -3.320339478059634586e-01 -1.031547908023220543e+02 -3.587760634058467701e+01
1.829145728643216273e+01 -1.711936366284639988e+01 -8.415726396607138327e+01 -3.323917408411259933e-01 -1.032761575092107051e+02 -3.588736989434379154e+01
1.894472361809045324e+01 -1.713643424256561687e+01 -8.398242659807658583e+01 -3.327491788128956185e-01 -1.033975077637663134e+02 -3.589679346940447147e+01
1.959798994974874375e+01 -1.714464066380973506e+01 -8.379136770690590197e+01 -3.356143559609283122e-01 -1.040418505736549832e+02 -2.870560290110913826e+01
2.025125628140703782e+01 -1.715395670263174921e+01 -8.362852942614154017e+01 -2.907202934945115058e-01 -1.038141311302936884e+02 -3.032389437194613890e+01
2.090452261306532833e+01 -1.716260837709838327e+01 -8.351329996716890491e+01 -2.193500178021441926e-01 -1.029697066515174839e+02 -3.586961643081145468e+01
2.155778894472361884e+01 -1.717426550244992711e+01 -8.339788051477390241e+01 -2.196087831774251320e-01 -1.030791249319718048e+02 -3.584241420489311025e+01
2.221105527638191290e+01 -1.718877819039589738e+01 -8.328227176920503894e+01 -2.198673155559105752e-01 -1.031883478813196007e+02 -3.581514475305708345e+01
2.286432160804020342e+01 -1.720600617143874089e+01 -8.316647438281904670e+01 -2.201256139088526853e-01 -1.032973755588626119e+02 -3.578780784102168155e+01
2.351758793969849393e+01 -1.722581803540721523e+01 -8.305048896384357704e+01 -2.203836773055254106e-01 -1.034062080215806532e+02 -3.576040323731564996e+01
2.417085427135678444e+01 -1.724809054262607688e+01 -8.293431607993926491e+01 -2.206415046155047743e-01 -1.035148453241708069e+02 -3.573293071326673953e+01
2.482412060301507850e+01 -1.727270799824259839e+01 -8.281795626125585841e+01 -2.208990948690948419e-01 -1.036232875190723064e+02 -3.570539004300494668e+01
2.547738693467336901e+01 -1.729956168304389053e+01 -8.270141000326188419e+01 -2.211564471471643423e-01 -1.037315346565062413e+02 -3.567778100344039416e+01
2.613065326633165952e+01 -1.772027542992856297e+01 -8.260259007279591970e+01 -2.356036449715032954e-01 -1.295863207203122727e+02 -4.586656380987729875e+01
2.678391959798995359e+01 -1.851329423798938478e+01 -8.252014338672492499e+01 -2.771897102553979586e-01 -1.542861500907394543e+02 -4.864284693769025836e+01
2.743718592964824410e+01 -1.929199457339676371e+01 -8.243641272641869477e+01 -2.773758172092808394e-01 -1.543232258544281024e+02 -4.857487867881986432e+01
2.809045226130653461e+01 -2.005659887263981389e+01 -8.235142867698746727e+01 -2.775618759564357219e-01 -1.543602924604331577e+02 -4.850688189170785591e+01
2.874371859296482512e+01 -2.080733669943161246e+01 -8.226522107722922783e+01 -2.777478853514079304e-01 -1.543973491889582874e+02 -4.843885657614303142e+01
2.939698492462311918e+01 -2.154444353634212206e+01 -8.217781901304212511e+01 -2.779338442145380950e-01 -1.544343953251390644e+02 -4.837080273210514747e+01
3.005025125628140970e+01 -2.222357369395206916e+01 -8.208617825286796688e+01 -2.730272188368538799e-01 -1.514181627351330235e+02 -4.796897367863635253e+01
3.070351758793970021e+01 -2.236041904428844518e+01 -8.195708972240959156e+01 -2.457157068655962950e-01 -1.149643852772581170e+02 -3.598977051582465236e+01
3.135678391959799427e+01 -2.249679479829931950e+01 -8.182771086724574161e+01 -2.459409628969381756e-01 -1.151188506931081292e+02 -3.588347212386696583e+01
3.201005025125628123e+01 -2.263270649084828534e+01 -8.169804179412065537e+01 -2.461656320011272880e-01 -1.152727010923460824e+02 -3.577696837519044237e+01
3.266331658291457529e+01 -2.276815929874360833e+01 -8.156808261667700322e+01 -2.463897126047096542e-01 -1.154259389841329693e+02 -3.567026048153635998e+01
3.331658291457286936e+01 -2.289798521031984180e+01 -8.143707618163608686e+01 -2.533162033128190660e-01 -1.148046154795682980e+02 -3.723970232602521691e+01
3.396984924623115631e+01 -2.301778813925523792e+01 -8.130423069205903630e+01 -2.677383765374420910e-01 -1.134414069783325090e+02 -4.023729199146331581e+01
3.462311557788945038e+01 -2.313811581614848123e+01 -8.117105114403798893e+01 -2.679764580383412476e-01 -1.136130127682106803e+02 -4.012666336839102144e+01
3.527638190954774444e+01 -2.325893061704132592e+01 -8.103753754731391723e+01 -2.682139810069213426e-01 -1.137838692138631558e+02 -4.001579801171446604e+01
3.592964824120603140e+01 -2.338019689172308446e+01 -8.090368991518715802e+01 -2.684509435838048352e-01 -1.139539797602319737e+02 -3.990469759220189161e+01
3.658291457286432546e+01 -2.350188083376773207e+01 -8.076950826492861779e+01 -2.686873438356209287e-01 -1.141233478437006283e+02 -3.979336376635819050e+01
3.723618090452261953e+01 -2.362395036078289579e+01 -8.063499261809269569e+01 -2.689231798964328846e-01 -1.142919768918649197e+02 -3.968179817651448360e+01
3.788944723618090649e+01 -2.374637500384130817e+01 -8.050014300086036201e+01 -2.691584498520244173e-01 -1.144598703232921935e+02 -3.957000245092977053e+01
3.854271356783920055e+01 -2.384055093980786211e+01 -8.036755706742619054e+01 -2.678056248201092227e-01 -1.124409114473757256e+02 -4.036995304228786097e+01
3.919597989949748751e+01 -2.383520471614773584e+01 -8.024392827031715569e+01 -2.648161936593999566e-01 -1.041726808866740157e+02 -4.323349618654489745e+01
3.984924623115578157e+01 -2.383362681046641285e+01 -8.011990596101418305e+01 -2.650752914891781886e-01 -1.043766638613352740e+02 -4.313642153464660112e+01
4.050251256281407564e+01 -2.286618185678439019e+01 -7.997105715757979283e+01 -4.445548823105736624e-01 -6.052070339383533337e+01 -3.151203503645685799e+01
4.115577889447236259e+01 -2.164739423416324371e+01 -7.980941718598276680e+01 -5.159557259412267394e-01 -5.556556430842114480e+01 -2.864515093317038108e+01
4.180904522613065666e+01 -2.047220910240640990e+01 -7.964179560559304605e+01 -5.158778889809688684e-01 -5.575549383491334510e+01 -2.858180654419759037e+01
4.246231155778895072e+01 -1.934002190633565732e+01 -7.946846625700166555e+01 -5.158002559245433716e-01 -5.594478881681470028e+01 -2.851731347854722287e+01
4.311557788944723768e+01 -1.826657986137523437e+01 -7.928975284538745427e+01 -5.160851078845540840e-01 -5.641195856948138498e+01 -2.919932591553667223e+01
4.376884422110553174e+01 -1.723506367970670539e+01 -7.910594501678409074e+01 -5.160320158868951790e-01 -5.662328370237538167e+01 -2.917657159565757041e+01
4.442211055276382581e+01 -1.624347323829708145e+01 -7.891728409256174359e+01 -5.159538057778398912e-01 -5.681673577935989528e+01 -2.910692899757675889e+01
4.507537688442211277e+01 -1.529076280529576692e+01 -7.872400088391049167e+01 -5.158758049480940411e-01 -5.700948405378098727e+01 -2.903612079133301904e+01
4.572864321608040683e+01 -1.437583130227219108e+01 -7.852631615830392775e+01 -5.157980136397756210e-01 -5.720151927383688673e+01 -2.896415226051276193e+01
4.638190954773869379e+01 -1.343214575236400243e+01 -7.832202306943534609e+01 -5.287013371012232454e-01 -5.602768685657204628e+01 -2.759346173614936149e+01
4.703517587939698785e+01 -1.208026686002330052e+01 -7.809477263838022054e+01 -6.307348044203422432e-01 -4.887823926081723158e+01 -1.991571007368437307e+01
4.768844221105528192e+01 -1.078528900635941667e+01 -7.785959556102389456e+01 -6.307347792441800882e-01 -4.902064605960403298e+01 -1.989080855656054325e+01
4.834170854271356887e+01 -9.545751243725829838e+00 -7.761693670291262492e+01 -6.307347131909417648e-01 -4.916283327631512634e+01 -1.986493185472713208e+01
4.899497487437186294e+01 -8.360040443303789814e+00 -7.736722032901329271e+01 -6.307346062606140613e-01 -4.930479265868244454e+01 -1.983808165983146665e+01
4.964824120603015700e+01 -7.017137760778711986e+00 -7.709415141518869063e+01 -7.076602756197254429e-01 -4.659107424378358786e+01 -1.905028074468241073e+01
5.030150753768844396e+01 -5.844240083637497030e+00 -7.688801291857689080e+01 -5.692124575885844084e-01 -4.159235804426177907e+01 -1.466926042245454909e+01
5.095477386934673802e+01 -4.828838850061993426e+00 -7.676482595220190319e+01 -4.229966860292987407e-01 -3.210311782547815795e+01 -5.841354427467910782e+00
5.160804020100503209e+01 -3.833058012784861468e+00 -7.663723821209529774e+01 -4.230682289457686762e-01 -3.212998968897669982e+01 -5.846731553869104481e+00
5.226130653266331905e+01 -2.857007430781773216e+00 -7.650537183274661857e+01 -4.231397771599176849e-01 -3.215691036180623286e+01 -5.851978114943999110e+00
5.291457286432161311e+01 -1.607475321490986930e+00 -7.633799801134190943e+01 -5.457270219101874043e-01 -3.054855673873312938e+01 -5.915036237266282804e+00
5.356783919597990717e+01 -3.132884479553168511e-01 -7.615459779350663894e+01 -5.789170916052233107e-01 -3.029889928310461400e+01 -5.928050870496916147e+00
5.422110552763819413e+01 9.446967388746819738e-01 -7.596349541131371552e+01 -5.790347864006109013e-01 -3.037770167071845506e+01 -5.928362346247666892e+00
5.487437185929648820e+01 2.166525886585007665e+00 -7.576499561391912607e+01 -5.791511592307677647e-01 -3.045646056486405939e+01 -5.928098786406545528e+00
5.552763819095477515e+01 3.352389984861218863e+00 -7.555939812924444254e+01 -5.792662094508871373e-01 -3.053517206865337030e+01 -5.927260481815626925e+00
5.618090452261306922e+01 4.310197395621846894e+00 -7.539232635439020669e+01 -4.706535090987325476e-01 -2.940685332902226889e+01 -4.921481363965688693e+00
5.683417085427136328e+01 4.995715451132017648e+00 -7.528196867996194896e+01 -3.276401326045154661e-01 -2.659315812549338531e+01 -2.594189127608179657e+00
5.748743718592965024e+01 5.671237138198505612e+00 -7.516951917367364899e+01 -3.278307981244230063e-01 -2.655437207328114724e+01 -2.636575457886498608e+00
5.814070351758794430e+01 6.336794547769852848e+00 -7.505501939820879898e+01 -3.280227422783871249e-01 -2.651598834241312375e+01 -2.679306343763939946e+00
5.879396984924623837e+01 6.992428942038808160e+00 -7.493851046471752397e+01 -3.282159604366690075e-01 -2.647800979650542530e+01 -2.722378044310770129e+00
5.944723618090452533e+01 7.638190135735951181e+00 -7.482003299517410255e+01 -3.284104480286035299e-01 -2.644043926008299294e+01 -2.765786796868471509e+00
6.010050251256281939e+01 8.246221033164998104e+00 -7.471518145265682165e+01 -3.092646673534693025e-01 -2.364181740379038743e+01 -5.210521594507952159e+00
6.075376884422111345e+01 8.694627274048098542e+00 -7.469396480629706048e+01 -2.362373979894172860e-01 -1.888054343743423291e-01 -2.340561438692610707e+01
6.140703517587940041e+01 9.140572855951377917e+00 -7.467107510108746737e+01 -2.355236589696019789e-01 -4.514707430612621697e-01 -2.330081308533520001e+01
6.206030150753769448e+01 9.583940462474499711e+00 -7.464652784460940893e+01 -2.348105195364176001e-01 -7.148559931735898321e-01 -2.319505283727497513e+01
6.271356783919598854e+01 1.002461630166040507e+01 -7.462033898394651033e+01 -2.340980038005539554e-01 -9.789651794397745688e-01 -2.308832981770877879e+01
6.336683417085427550e+01 1.046249019969195970e+01 -7.459252488549006443e+01 -2.333861359404905689e-01 -1.243802366830723649e+00 -2.298064019231383526e+01
6.402010050251256246e+01 1.089745568432439349e+01 -7.456310231442762415e+01 -2.326749403660030024e-01 -1.509371690850943137e+00 -2.287198011808227704e+01
6.467336683417086363e+01 1.132941005809804125e+01 -7.453208841396818229e+01 -2.319644418995215618e-01 -1.775677357725691907e+00 -2.276234574398737465e+01
6.532663316582915058e+01 1.175825446042917122e+01 -7.449950068443226314e+01 -2.312546654385582989e-01 -2.042723644675066730e+00 -2.265173321161116249e+01
6.597989949748743754e+01 1.199902280642871055e+01 -7.451400249140277765e+01 1.506921108780176488e-01 -1.580111371626154835e+02 3.249885428233230300e+01
6.663316582914573871e+01 1.210604915001253623e+01 -7.456285580741445074e+01 1.253504291061115772e-01 -1.193877135198523405e+02 3.688606643863767687e+01
6.728643216080402567e+01 1.221324681959322156e+01 -7.461133276318210505e+01 1.246475236964947747e-01 -1.193934084746556437e+02 3.691420336054935092e+01
6.793969849246231263e+01 1.232060274130284405e+01 -7.465943526058427437e+01 1.239443393787101055e-01 -1.193975718136628501e+02 3.694238725238583498e+01
6.859296482412061380e+01 1.242810371849301454e+01 -7.470716523040414359e+01 1.232408899695597165e-01 -1.194001719520921370e+02 3.697062140957481802e+01
6.924623115577890076e+01 1.253573643391706760e+01 -7.475452463215836474e+01 1.225371892915849692e-01 -1.194011766000236463e+02 3.699890912503807527e+01
6.989949748743718771e+01 1.264348745207649571e+01 -7.480151545396873303e+01 1.218332513151346441e-01 -1.194005527424965436e+02 3.702725368622861879e+01
7.055276381909548888e+01 1.232016775813448106e+01 -7.485411693109281828e+01 5.802152567850161757e-01 -9.194139005653723018e+01 8.171981832831932024e+01
7.120603015075377584e+01 1.192173504462963862e+01 -7.490161663132190029e+01 6.786096414800428800e-01 -9.068872733478474402e+01 8.365964728232465575e+01
7.185929648241206280e+01 1.153755544722770487e+01 -7.491829416972595368e+01 7.250244759003580119e-01 -1.326145579191427544e+02 8.651941762886067977e+01
7.251256281407036397e+01 1.115598389061297979e+01 -7.493487237626243314e+01 7.244197367670480725e-01 -1.338047967281266892e+02 8.646746176480712620e+01
7.316582914572865093e+01 1.077706564729396632e+01 -7.495135310966631437e+01 7.238068575316748410e-01 -1.349772201833048086e+02 8.641363353113428047e+01
7.381909547738693789e+01 1.021564672245436256e+01 -7.499374995866511995e+01 7.671039263611686421e-01 -5.715916301699288482e+01 8.472525070419615645e+01
7.447236180904523906e+01 9.282305394651546138e+00 -7.508518604944629260e+01 8.727813065095658684e-01 -3.203887367976781064e+01 7.600314004089280218e+01
7.512562814070352601e+01 8.342742936531319486e+00 -7.517395622168527325e+01 8.720061264364510345e-01 -3.183613224825466759e+01 7.608859265115097514e+01
7.577889447236181297e+01 7.397192781368711501e+00 -7.526003210207750271e+01 8.712203955219515183e-01 -3.163142953479752961e+01 7.617514296384339900e+01
7.643216080402009993e+01 6.445902888968166877e+00 -7.534338730963364128e+01 8.704241387107856109e-01 -3.142468565372262645e+01 7.626278831267489977e+01
7.708542713567840110e+01 5.489135560800958658e+00 -7.542399754796920774e+01 8.696173813307577216e-01 -3.121581752369677432e+01 7.635152591339192441e+01
7.773869346733668806e+01 4.527167184990743998e+00 -7.550184069496106076e+01 8.688001491055208358e-01 -3.100473870024894651e+01 7.644135285782132883e+01
7.839195979899497502e+01 3.560287909662199546e+00 -7.557689688918645743e+01 8.679724681157946486e-01 -3.079135919827526635e+01 7.653226610748995995e+01
7.904522613065327619e+01 2.588801243634163196e+00 -7.564914861256252721e+01 8.671343648240917856e-01 -3.057558530372499206e+01 7.662426248683492247e+01
7.969849246231156314e+01 1.607113684922300667e+00 -7.571141448805025220e+01 8.344316802378726194e-01 -2.606683909703600932e+01 7.592352740952854617e+01
8.035175879396985010e+01 6.899954365907228215e-01 -7.578424607567035309e+01 7.388582897659774495e-01 -3.096663762138405573e+01 7.342568577975154653e+01
8.100502512562815127e+01 -1.742312490337801500e-01 -7.586613048968246176e+01 6.612335138128289103e-01 -3.500594774872403292e+01 7.073200836501938227e+01
8.165829145728643823e+01 -1.043900043984415271e+00 -7.594499611799139416e+01 6.604520227764136830e-01 -3.470006623361953757e+01 7.086750019555843494e+01
8.231155778894472519e+01 -1.918726805048232453e+00 -7.602082927049130490e+01 6.596693360136667295e-01 -3.438966364168462775e+01 7.100283911258782155e+01
8.296482412060302636e+01 -2.798414188414562798e+00 -7.609361806622885638e+01 6.588854629528327900e-01 -3.407463714551953160e+01 7.113801080375466768e+01
8.361809045226131332e+01 -3.724714146863302933e+00 -7.616263790238735965e+01 6.746334951853828477e-01 -3.188383375128797326e+01 7.081819443575281525e+01
8.427135678391960028e+01 -4.846340136127623488e+00 -7.622424889929644110e+01 7.500656900827490370e-01 -2.489746845561991861e+01 6.896340434990194979e+01
8.492462311557790144e+01 -5.972834898868023323e+00 -7.628120782804197120e+01 7.492578875413472561e-01 -2.452954503389811336e+01 6.908046923667842520e+01
8.557788944723618840e+01 -7.103516068633457081e+00 -7.633350687361743780e+01 7.484490435398449826e-01 -2.415719855819789430e+01 6.919702121498021086e+01
8.623115577889447536e+01 -8.237683157237389864e+00 -7.638114318968510474e+01 7.476391688623842402e-01 -2.378036362637621792e+01 6.931304128262227948e+01
8.688442211055277653e+01 -9.374620185641186154e+00 -7.642411899321220403e+01 7.468282742616627612e-01 -2.339897460723844702e+01 6.942851004103485479e+01
8.753768844221106349e+01 -1.051359846969766920e+01 -7.646244163506955260e+01 7.460163705652939070e-01 -2.301296569640267364e+01 6.954340768913382931e+01
8.819095477386935045e+01 -1.165387953446630931e+01 -7.649612364551100541e+01 7.452034686809916320e-01 -2.262227097629353878e+01 6.965771401733347545e+01
8.884422110552765162e+01 -1.279471812843206102e+01 -7.652518275373847700e+01 7.443895795276230798e-01 -2.222682448043746106e+01 6.977140840171644243e+01
8.949748743718593857e+01 -1.393536530733539180e+01 -7.654964188107004475e+01 7.435747140771802322e-01 -2.182656026223410350e+01 6.988446979840841777e+01
9.015075376884422553e+01 -1.508782900530737159e+01 -7.659123555550243623e+01 7.114591823440155061e-01 -2.800847032923301327e+01 6.733375704561635189e+01
9.080402010050252670e+01 -1.613709737935573330e+01 -7.667110776326174459e+01 6.498120652809732389e-01 -4.239264024333976266e+01 6.518509710843119365e+01
9.145728643216081366e+01 -1.719248028381867144e+01 -7.674632390890076294e+01 6.487359424228770211e-01 -4.201550213745598228e+01 6.537990868869866290e+01
9.211055276381910062e+01 -1.825331601376974078e+01 -7.681687865980146057e+01 6.476590820149883410e-01 -4.163220439736107892e+01 6.557403775988039740e+01
9.276381909547738758e+01 -1.931891929021110954e+01 -7.688277134295799442e+01 6.465814992851778298e-01 -4.124260574103300314e+01 6.576745373985872334e+01
9.341708542713568875e+01 -2.038858362576958427e+01 -7.694400606112964169e+01 6.455032095445039086e-01 -4.084656221054839165e+01 6.596012509716518935e+01
9.407035175879397570e+01 -2.146158389828882562e+01 -7.700059178705080853e+01 6.444242281720135024e-01 -4.044392719601366082e+01 6.615201932152577058e+01
9.472361809045226266e+01 -2.248850425866931602e+01 -7.698660621319046982e+01 -6.437984413972417386e-01 1.634692777859311548e+02 -6.937537395896939074e+01
9.537688442211056383e+01 -2.350497864573323525e+01 -7.696526657120858772e+01 -6.431627401240337383e-01 1.654029089001277839e+02 -6.954729610091681025e+01
9.603015075376885079e+01 -2.451255464251130078e+01 -7.693978745806762731e+01 -6.420742675422181911e-01 1.661069604610741237e+02 -6.966017460401515393e+01
9.668341708542713775e+01 -2.551064423462915087e+01 -7.691024857052013886e+01 -6.409858590746073670e-01 1.668196785636304185e+02 -6.977015737892821790e+01
9.733668341708543892e+01 -2.649869237028276459e+01 -7.687673234622627660e+01 -6.398975341480731549e-01 1.675410120026981815e+02 -6.987717632713069804e+01
9.798994974874372588e+01 -2.747617805182820305e+01 -7.683932367206119807e+01 -6.388093123218476777e-01 1.682708968232870461e+02 -6.998116313252388920e+01
9.864321608040201284e+01 -2.844261515042830268e+01 -7.679810959093799738e+01 -6.377212132291042446e-01 1.690092558264651359e+02 -7.008204935790213597e+01
9.929648241206031400e+01 -2.939755295105003796e+01 -7.675317900951171168e+01 -6.366332566100764145e-01 1.697559980983131425e+02 -7.017976654713048390e+01
9.994974874371860096e+01 -3.034057643812883143e+01 -7.670462240898820028e+01 -6.355454622966434375e-01 1.705110185664842675e+02 -7.027424633293819056e+01
1.006030150753768879e+02 -2.952326332926713803e+01 -7.696026012109231829e+01 7.339734728647882012e-01 -1.657092308558377169e+02 3.980377314828500346e+01
1.012562814070351891e+02 -2.850265407003196572e+01 -7.723400153645900446e+01 7.765538089512286080e-01 -1.668253171106801460e+02 3.614788585931221832e+01
1.019095477386934760e+02 -2.741979893993184447e+01 -7.749935779739104191e+01 7.757060382372490404e-01 -1.673323985598738659e+02 3.608268364251695459e+01
1.025628140703517630e+02 -2.627268592278753800e+01 -7.775581673773541524e+01 7.748579388856162709e-01 -1.678377090720461240e+02 3.601125204777905964e+01
1.032160804020100642e+02 -2.505949894950785861e+01 -7.800283759342454459e+01 7.740095138193502367e-01 -1.683410973122157941e+02 3.593361980803431521e+01
1.038693467336683511e+02 -2.377867951407511171e+01 -7.823985216024777856e+01 7.731607659872750116e-01 -1.688424144262091886e+02 3.584981793803657268e+01
1.045226130653266381e+02 -2.242899562354177334e+01 -7.846626671021959964e+01 7.723116983239640687e-01 -1.693415142089909864e+02 3.575987968403769912e+01
1.051758793969849393e+02 -2.100961730514656622e+01 -7.868146479369244162e+01 7.714623137943996678e-01 -1.698382532640032991e+02 3.566384047037830385e+01
1.058291457286432262e+02 -1.952019725496450775e+01 -7.888481104903453911e+01 7.706126153538557233e-01 -1.703324911530792747e+02 3.556173784321426723e+01
1.064824120603015132e+02 -1.796095445085376241e+01 -7.907565612622067874e+01 7.697626059837142654e-01 -1.708240905366266986e+02 3.545361141157477647e+01
1.071356783919598143e+02 -1.633129851771401775e+01 -7.924962000212514113e+01 7.603495544110293602e-01 -1.717328559558232257e+02 3.490506381779704270e+01
1.077889447236181013e+02 -1.463453795092310727e+01 -7.940341226820490306e+01 7.445500167816777592e-01 -1.729560046451456685e+02 3.396944996695820151e+01
1.084422110552763883e+02 -1.287721237437464872e+01 -7.954303672070170705e+01 7.437036951240204585e-01 -1.734133575716075484e+02 3.382619025152207826e+01
1.090954773869346752e+02 -1.106274639830575524e+01 -7.966791189435505771e+01 7.428571935169794305e-01 -1.738672748006788709e+02 3.367741893639480821e+01
1.097487437185929764e+02 -9.195382371543056266e+00 -7.977748698284108286e+01 7.420105153625192740e-01 -1.743176542035299690e+02 3.352318868224167403e+01
1.104020100502512634e+02 -8.538868102766413060e+00 -7.973301789668749961e+01 -4.864078505140549957e-01 -2.381564473095619761e+01 -5.695847955406054552e+01
1.110552763819095503e+02 -8.657413571621880521e+00 -7.959743405665611249e+01 4.582033211603758205e-01 9.246020797381201817e+01 6.236428681851037936e+01
1.117085427135678515e+02 -8.775613218855733422e+00 -7.946063438895939157e+01 4.577772335307128682e-01 9.234375313513130834e+01 6.206649789097092906e+01
1.123618090452261384e+02 -8.893448825813804248e+00 -7.932262545980654522e+01 4.573509491532394278e-01 9.222920735683565852e+01 6.176861251842247924e+01
1.130150753768844254e+02 -9.010903030601422614e+00 -7.918341386013207739e+01 4.569244695011469570e-01 9.211650562496134853e+01 6.147063348103149139e+01
1.136683417085427266e+02 -9.127959292641143918e+00 -7.904300620511020270e+01 4.564977960226452303e-01 9.200558551821845299e+01 6.117256345896333158e+01
1.143216080402010135e+02 -9.244601858421512830e+00 -7.890140913364245989e+01 4.560709302165104617e-01 9.189638707855355904e+01 6.087440503762693567e+01
1.149748743718593005e+02 -9.360815728397696489e+00 -7.875862930785112326e+01 4.556438736020359537e-01 9.178885268931797725e+01 6.057616071260110857e+01
1.156281407035176017e+02 -9.476586625019759680e+00 -7.861467341259344721e+01 4.552166276433348147e-01 9.168292696049326196e+01 6.027783289426972146e+01
1.162814070351758886e+02 -9.591900961918556234e+00 -7.846954815494200375e+01 4.547891938553074165e-01 9.157855662048785916e+01 5.997942391220656333e+01
1.169346733668341756e+02 -9.706745814189250865e+00 -7.832326026367942973e+01 4.543615737507256669e-01 9.147569041415584934e+01 5.968093601928561043e+01
1.175879396984924767e+02 -9.821108889761333671e+00 -7.817581648879843215e+01 4.539337688250270619e-01 9.137427900650651225e+01 5.938237139558228250e+01
1.182412060301507637e+02 -9.848242000351431713e+00 -7.803011119229850578e+01 4.316064698278036516e-01 9.694561280580469997e+01 5.714840887846950324e+01
1.188944723618090507e+02 -9.565035410599982413e+00 -7.789389563075351930e+01 -3.694769934633625463e-01 -6.421350187806493182e+01 -4.584309761754942514e+01
1.195477386934673518e+02 -9.289574675349271615e+00 -7.775638031780749770e+01 -3.690366790367129446e-01 -6.440037966588123197e+01 -4.556713115484674859e+01
1.202010050251256388e+02 -9.282516537661502198e+00 -7.756106363208249377e+01 4.244955008334833635e-01 9.316579415968284650e+01 4.353779697725242670e+01
1.208542713567839257e+02 -9.513828041120797607e+00 -7.726289616707413188e+01 5.470162875291870730e-01 7.898042660242703050e+01 3.297371159025856002e+01
1.215075376884422269e+02 -9.386154970904831529e+00 -7.700185805267923911e+01 4.707491449235167713e-01 9.405709443408127868e+01 2.867365437507927695e+01
1.221608040201005139e+02 -9.267562664157548369e+00 -7.674009796017682561e+01 4.705730416658774895e-01 9.392646350011391121e+01 2.845444808208322129e+01
1.228140703517588008e+02 -9.157503436077421455e+00 -7.647763375570082189e+01 4.703969282588453260e-01 9.379662446279428423e+01 2.823494317716143343e+01
1.234673366834171020e+02 -9.055467790599644573e+00 -7.621448230528835666e+01 4.702208036343206166e-01 9.366757032754506440e+01 2.801514224019178201e+01
1.241206030150753890e+02 -8.960981212330693779e+00 -7.595065956346800817e+01 4.700446667079201113e-01 9.353929417149919345e+01 2.779504782135838781e+01
1.247738693467336759e+02 -8.873601269912343881e+00 -7.568618065289999208e+01 4.698685164009774873e-01 9.341178914289132251e+01 2.757466244154505119e+01
1.254271356783919771e+02 -8.792914996901364688e+00 -7.542105993610340420e+01 4.696923516332072723e-01 9.328504846044076260e+01 2.735398859273196592e+01
1.260804020100502640e+02 -8.718536520306491511e+00 -7.515531108021190221e+01 4.695161712198125947e-01 9.315906541276068253e+01 2.713302873834910756e+01
1.267336683417085510e+02 -8.650104910382532708e+00 -7.488894711532984161e+01 4.693399741359590704e-01 9.303383335769196094e+01 2.691178531369669713e+01
1.273869346733668380e+02 -8.587282228516952998e+00 -7.462198048750394719e+01 4.691637591934674778e-01 9.290934572173570416e+01 2.669026072629386803e+01
1.280402010050251249e+02 -8.529751752554048494e+00 -7.435442310661468923e+01 4.689875252391582650e-01 9.278559599943234559e+01 2.646845735624150109e+01
1.286934673366834261e+02 -8.477216361380060405e+00 -7.408628638981966219e+01 4.688112711696375001e-01 9.266257775271114383e+01 2.624637755660054950e+01
1.293467336683417273e+02 -8.429397062636097004e+00 -7.381758130111163041e+01 4.686349957767664276e-01 9.254028461031623465e+01 2.602402365374729953e+01
1.300000000000000000e+02 -8.136045663266571637e+00 -7.356703890015998581e+01 -4.561836019058670422e-01 -7.322938205559903224e+01 -2.114149477439914548e+01
