0.000000000000000000e+00 0.000000000000000000e+00 -9.000000000000000000e+01 0.000000000000000000e+00 0.000000000000000000e+00 9.000000000000000000e+01
6.532663316582915103e-01 5.215513235613136089e+01 -8.988421980273605527e+01 -2.297586600125361977e-01 -3.779770219270797327e+01 -3.917111192442722967e+01
1.306532663316583021e+00 5.201868694437409602e+01 -8.976840082171867152e+01 -2.297586600275543511e-01 -3.797631969388846329e+01 -3.914751096366594396e+01
1.959798994974874642e+00 5.188231910052778062e+01 -8.965254247932512044e+01 -2.297586600125361977e-01 -3.815478791079406307e+01 -3.912350889406307175e+01
2.613065326633166041e+00 5.174603000010911558e+01 -8.953664419961754106e+01 -2.297586600275543511e-01 -3.833310454771978470e+01 -3.909910628635207530e+01
3.266331658291457440e+00 5.160982081645788355e+01 -8.942070540838611237e+01 -2.297586600575907134e-01 -3.851126732306334333e+01 -3.907430371968982286e+01
3.919597989949749284e+00 5.147369272071912860e+01 -8.930472553320652196e+01 -2.297586600425725600e-01 -3.868927396949584363e+01 -3.904910178159067158e+01
4.572864321608040683e+00 5.133764688175953239e+01 -8.918870400340028937e+01 -2.297586600425725600e-01 -3.886712223412914824e+01 -3.902350106786126815e+01
5.226130653266332082e+00 5.120168446617722680e+01 -8.907264025009087050e+01 -2.297586600575907134e-01 -3.904480987868073782e+01 -3.899750218253102929e+01
5.879396984924623482e+00 5.106580663830800404e+01 -8.895653370625217349e+01 -2.297586600425725600e-01 -3.922233467963427955e+01 -3.897110573778778786e+01
6.532663316582914881e+00 5.093001456014449957e+01 -8.884038380668533819e+01 -2.297586600425725600e-01 -3.939969442839873182e+01 -3.894431235390627677e+01
7.185929648241206280e+00 5.079430939137070311e+01 -8.872418998808925039e+01 -2.297586600125361977e-01 -3.957688693146219805e+01 -3.891712265918044267e+01
7.839195979899498568e+00 5.065869228929348367e+01 -8.860795168904951424e+01 -2.297586599824998910e-01 -3.975391001054372708e+01 -3.888953728985387670e+01
8.492462311557789079e+00 5.052316440879665294e+01 -8.849166835003677534e+01 -2.297586600275543511e-01 -3.993076150274273317e+01 -3.886155689004927893e+01
9.145728643216081366e+00 5.038772690242385721e+01 -8.837533941352197076e+01 -2.297586600425725600e-01 -4.010743926068295906e+01 -3.883318211169650880e+01
9.798994974874371877e+00 5.025238092029199777e+01 -8.825896432394904423e+01 -2.297586600275543511e-01 -4.028394115265440689e+01 -3.880441361446258952e+01
1.045226130653266416e+01 5.008912859937004924e+01 -8.814639214955434454e+01 -2.273854254475088932e-01 -4.090721356511485851e+01 -4.037826431926686155e+01
1.110552763819095645e+01 4.984857406272212899e+01 -8.803579491986445760e+01 -2.325487017603262430e-01 -4.240598215929082926e+01 -4.292032045363311710e+01
1.175879396984924696e+01 4.947557553233344407e+01 -8.792578824616822430e+01 -2.468906354191653107e-01 -4.503758201142250073e+01 -4.654372830065546651e+01
1.241206030150753925e+01 4.912431502418131402e+01 -8.781567905815717268e+01 -2.468906354051892127e-01 -4.523398527337145936e+01 -4.650579411550629771e+01
1.306532663316582976e+01 4.879170667786334548e+01 -8.770547038273534213e+01 -2.468906353912131979e-01 -4.543008327808774993e+01 -4.646745143919494581e+01
1.371859296482412205e+01 4.847522555472721706e+01 -8.759516456574681342e+01 -2.468906354051892127e-01 -4.562587358847290631e+01 -4.642870135843243418e+01
1.437185929648241256e+01 4.817278590172433894e+01 -8.748476342081397661e+01 -2.468906353912131979e-01 -4.582135379956105936e+01 -4.638954496760481305e+01
1.502512562814070485e+01 4.788264977075544948e+01 -8.737426834092894978e+01 -2.468906353912131979e-01 -4.601652153858360350e+01 -4.634998336863749557e+01
1.567839195979899714e+01 4.760335752294636791e+01 -8.726368038332051924e+01 -2.468906354191653107e-01 -4.621137446503687585e+01 -4.631001767085973597e+01
1.633165829145728765e+01 4.733367434259353246e+01 -8.715300033477433317e+01 -2.468906354051892127e-01 -4.640591027073313057e+01 -4.626964899086389948e+01
1.698492462311557816e+01 4.707254861995968298e+01 -8.704222876234933892e+01 -2.468906354191653107e-01 -4.660012667985207457e+01 -4.622887845237872995e+01
1.763819095477387222e+01 4.681907924231577312e+01 -8.693136605332645672e+01 -2.468906354191653107e-01 -4.679402144898105576e+01 -4.618770718612244508e+01
1.829145728643216273e+01 4.657248964631381938e+01 -8.682041244683682635e+01 -2.468906354051892127e-01 -4.698759236714871435e+01 -4.614613632967655121e+01
1.894472361809045324e+01 4.633210705650698458e+01 -8.670936805916738876e+01 -2.468906354051892127e-01 -4.718083725585619703e+01 -4.610416702734306682e+01
1.959798994974874375e+01 4.609734574039379851e+01 -8.659823290418557917e+01 -2.468906354331412978e-01 -4.737375396909568792e+01 -4.606180043001349134e+01
2.025125628140703782e+01 4.580257301700569883e+01 -8.649609076046601785e+01 -2.398889978388353827e-01 -5.003384743932966217e+01 -4.880313098093247959e+01
2.090452261306532833e+01 4.528011727512318174e+01 -8.642747260810577359e+01 -2.232519154693374808e-01 -6.414136837675343372e+01 -5.985452559219767465e+01
2.155778894472361884e+01 4.476943466248405201e+01 -8.635858094792294537e+01 -2.232519154693374808e-01 -6.439540562652614142e+01 -5.977617055344524744e+01
2.221105527638191290e+01 4.426994954194162801e+01 -8.628942020433945004e+01 -2.232519154538815942e-01 -6.464827948664749613e+01 -5.969735242238171935e+01
2.286432160804020342e+01 4.378112356465976518e+01 -8.621999445595432121e+01 -2.232519154229697933e-01 -6.489999233239549881e+01 -5.961807485424164810e+01
2.351758793969849393e+01 4.330245279764906030e+01 -8.615030746420703167e+01 -2.232519154384257631e-01 -6.515054665724233018e+01 -5.953834148757496791e+01
2.417085427135678444e+01 4.283346510316189892e+01 -8.608036269942627428e+01 -2.232519154229697933e-01 -6.539994506976738364e+01 -5.945815594392217918e+01
2.482412060301507850e+01 4.237371774478032904e+01 -8.601016336439499810e+01 -2.232519154384257631e-01 -6.564819029061628441e+01 -5.937752182749520813e+01
2.547738693467336901e+01 4.192279519962173850e+01 -8.593971241583523124e+01 -2.232519154538815942e-01 -6.589528514947717497e+01 -5.929644272487874446e+01
2.613065326633165952e+01 4.148030715650730826e+01 -8.586901258393999115e+01 -2.232519154229697933e-01 -6.614123258210481993e+01 -5.921492220474257806e+01
2.678391959798995359e+01 4.104588668249163419e+01 -8.579806639012596747e+01 -2.232519154229697933e-01 -6.638603562734797947e+01 -5.913296381755939279e+01
2.743718592964824410e+01 4.061918854274485824e+01 -8.572687616329707794e+01 -2.232519154229697933e-01 -6.662969742425573827e+01 -5.905057109535151483e+01
2.809045226130653461e+01 4.019988765885128856e+01 -8.565544405465166733e+01 -2.232519154384257631e-01 -6.687222120917236623e+01 -5.896774755143042768e+01
2.874371859296482512e+01 3.978767769329687809e+01 -8.558377205125461273e+01 -2.232519154229697933e-01 -6.711361031289447965e+01 -5.888449668015718430e+01
2.939698492462311918e+01 3.938226974820048554e+01 -8.551186198841793384e+01 -2.232519154075139067e-01 -6.735386815786029047e+01 -5.880082195671982248e+01
3.005025125628140970e+01 3.898096856346086270e+01 -8.544011727610808293e+01 -2.233100298447886489e-01 -6.780794168466142935e+01 -5.888023357028234273e+01
3.070351758793970021e+01 3.855686303556756656e+01 -8.537294144354791570e+01 -2.242142444238603427e-01 -7.078649276775782084e+01 -6.071560629522686270e+01
3.135678391959799427e+01 3.813910772454239861e+01 -8.530550750438644059e+01 -2.242142444084708475e-01 -7.101897003922972829e+01 -6.062957189160631088e+01
3.201005025125628123e+01 3.772748386375156571e+01 -8.523781723162261414e+01 -2.242142444546394442e-01 -7.125025930847549205e+01 -6.054317002729457187e+01
3.266331658291457529e+01 3.732178313746224063e+01 -8.516987228637245266e+01 -2.242142444546394442e-01 -7.148036611973820698e+01 -6.045640398485875977e+01
3.331658291457286936e+01 3.688671513565459037e+01 -8.511086444545313157e+01 -2.399435426904074908e-01 -7.577383913909898183e+01 -6.575450550346903356e+01
3.396984924623115631e+01 3.638350391420157592e+01 -8.507005506763420044e+01 -2.775080921906902254e-01 -8.813322248955743987e+01 -7.401352056990087647e+01
3.462311557788945038e+01 3.588276953824959747e+01 -8.502886549466654742e+01 -2.775080921906902254e-01 -8.841639406722158867e+01 -7.390424900225036708e+01
3.527638190954774444e+01 3.538453013181181461e+01 -8.498729385830378646e+01 -2.775080921782561161e-01 -8.869619043597917596e+01 -7.379467842563444435e+01
3.592964824120603140e+01 3.488880280989354787e+01 -8.494533835368790164e+01 -2.775080922031242792e-01 -8.897267088477580899e+01 -7.368481499139736002e+01
3.658291457286432546e+01 3.439560368645501853e+01 -8.490299723855585512e+01 -2.775080922031242792e-01 -8.924589359883628958e+01 -7.357466470345764264e+01
3.723618090452261953e+01 3.390494788302539320e+01 -8.486026883239577501e+01 -2.775080922031242792e-01 -8.951591567451387732e+01 -7.346423342215726393e+01
3.788944723618090649e+01 3.341684953843135020e+01 -8.481715151559410515e+01 -2.775080922279923867e-01 -8.978279313447124821e+01 -7.335352686800932531e+01
3.854271356783920055e+01 3.293132181955878224e+01 -8.477364372857724106e+01 2.775080922279923867e-01 8.995341905679504180e+01 7.324255062536315108e+01
3.919597989949748751e+01 3.244837693270312684e+01 -8.472974397091289234e+01 2.775080922279923867e-01 8.969266697719608317e+01 7.313131014597182400e+01
3.984924623115578157e+01 3.196802613591670550e+01 -8.468545080041320716e+01 2.775080922155583329e-01 8.943489773107138774e+01 7.301981075246020225e+01
4.050251256281407564e+01 3.164290097823483450e+01 -8.466945113047307814e+01 2.542610163741020890e-01 7.859682137161183846e+01 8.236729965684421018e+01
4.115577889447236259e+01 3.142311038802932543e+01 -8.465677024744144319e+01 -2.485108365134976183e-01 -8.190560090497399415e+01 -8.509154234051561616e+01
4.180904522613065666e+01 3.120232703964758869e+01 -8.464390943741233286e+01 -2.485108364996127528e-01 -8.223783279849679673e+01 -8.501748186284876851e+01
4.246231155778895072e+01 3.098057219273123053e+01 -8.463086782677069664e+01 -2.485108364857277485e-01 -8.256150218240794914e+01 -8.494329805500970565e+01
4.311557788944723768e+01 3.075786715527700466e+01 -8.461764454421000892e+01 -2.485108364996127528e-01 -8.287696724820914085e+01 -8.486899640712930193e+01
4.376884422110553174e+01 3.053423327720945224e+01 -8.460423872104141196e+01 -2.485108364857277485e-01 -8.318456725774696281e+01 -8.479458210641902838e+01
4.442211055276382581e+01 3.030969194378553411e+01 -8.459064949148944379e+01 -2.485108364857277485e-01 -8.348462372237523255e+01 -8.472006005736164980e+01
4.507537688442211277e+01 3.008426456908294355e+01 -8.457687599298830605e+01 -2.485108365412674880e-01 -8.377744150004282631e+01 -8.464543490034354534e+01
4.572864321608040683e+01 2.985797258961644474e+01 -8.456291736648222468e+01 -2.485108365551524368e-01 -8.406330981607904107e+01 -8.457071102887992708e+01
4.638190954773869379e+01 2.963083745775981726e+01 -8.454877275670898484e+01 -2.485108365134976183e-01 -8.434250321347299462e+01 -8.449589260554175496e+01
4.703517587939698785e+01 2.940288063515125216e+01 -8.453444131247618998e+01 -2.485108365134976183e-01 -8.461528243804903582e+01 -8.442098357670263908e+01
4.768844221105528192e+01 2.917412358632963532e+01 -8.451992218694817893e+01 -2.485108365273825670e-01 -8.488189526300797638e+01 -8.434598768619574116e+01
4.834170854271356887e+01 2.968771588897859814e+01 -8.441410696838846661e+01 -2.876526407246107753e-01 -2.965465560138635581e+01 -4.872783958450386876e+01
4.899497487437186294e+01 3.051463053374404311e+01 -8.426330063180498087e+01 -3.400665368143955258e-01 -2.770626370114511161e+01 -3.627740461354628820e+01
4.964824120603015700e+01 3.129244205480949859e+01 -8.411091332193916514e+01 -3.400665368143955258e-01 -2.784044875250036455e+01 -3.625185699575720832e+01
5.030150753768844396e+01 3.201650940993494032e+01 -8.397377751875501417e+01 -3.189748936009930147e-01 -2.539770253389686872e+01 -3.798498925271334770e+01
5.095477386934673802e+01 3.269611836848954312e+01 -8.385482555319808284e+01 -2.953865557756459870e-01 -2.187910661790280287e+01 -4.022638195896207236e+01
5.160804020100503209e+01 3.334550082709968422e+01 -8.373463898359358382e+01 -2.953865557639644424e-01 -2.200379664757166509e+01 -4.018914418747192485e+01
5.226130653266331905e+01 3.396606993070032132e+01 -8.361328187597428041e+01 -2.953865557639644424e-01 -2.212836886739745879e+01 -4.015181025518221247e+01
5.291457286432161311e+01 3.455917467939072907e+01 -8.349081415819679819e+01 -2.953865557756459870e-01 -2.225282327455174780e+01 -4.011438042940012849e+01
5.356783919597990717e+01 3.512610101262896478e+01 -8.336729189539255458e+01 -2.953865557639644424e-01 -2.237715986850006900e+01 -4.007685497736763125e+01
5.422110552763819413e+01 3.566807330261202225e+01 -8.324276755009535123e+01 -2.953865557639644424e-01 -2.250137865100766277e+01 -4.003923416629148591e+01
5.487437185929648820e+01 3.618625615377377613e+01 -8.311729022710673576e+01 -2.953865557756459870e-01 -2.262547962610457120e+01 -4.000151826330675675e+01
5.552763819095477515e+01 3.668175642389222446e+01 -8.299090590327233485e+01 -2.953865557639644424e-01 -2.274946280009327992e+01 -3.996370753550186805e+01
5.618090452261306922e+01 3.704845640613576307e+01 -8.291403232786302624e+01 -2.379806167530293948e-01 -1.508470812240857661e+01 -5.087024123888085825e+01
5.683417085427136328e+01 3.726506116221117537e+01 -8.290342401286275731e+01 -1.897351864090425499e-01 2.276467917268078267e+01 -6.975310673924769844e+01
5.748743718592965024e+01 3.748038855415512671e+01 -8.289248679700028788e+01 -1.897351863908563752e-01 2.252106992989513046e+01 -6.975764547956289618e+01
5.814070351758794430e+01 3.769441202922516254e+01 -8.288122225906175800e+01 -1.897351863908563752e-01 2.227737263498487863e+01 -6.976193900491433908e+01
5.879396984924623837e+01 3.790710566627728895e+01 -8.286963200306863087e+01 -1.897351863726702004e-01 2.203359212548307866e+01 -6.976598715143308027e+01
5.944723618090452533e+01 3.811844418209387442e+01 -8.285771765734043015e+01 -1.897351863726702004e-01 2.178973325121627624e+01 -6.976978976449052539e+01
6.010050251256281939e+01 3.823249534592714838e+01 -8.282088573887972416e+01 -2.057255776509334388e-01 -1.263176021045810415e+01 -6.918258444853671563e+01
6.075376884422111345e+01 3.782662565676213262e+01 -8.264840258586372101e+01 -3.816772966579038973e-01 -6.161753557954239824e+01 -4.515307014633320648e+01
6.140703517587940041e+01 3.743058677211439544e+01 -8.247577531704172316e+01 -3.816772966669444433e-01 -6.182558242924008596e+01 -4.513774279705856429e+01
6.206030150753769448e+01 3.704373141040915840e+01 -8.230300846820784955e+01 -3.816772966579038973e-01 -6.203347334476360686e+01 -4.512176203777767114e+01
6.271356783919598854e+01 3.666546840095163162e+01 -8.213010600940978634e+01 -3.816772966579038973e-01 -6.224120199033125544e+01 -4.510512857867446002e+01
6.336683417085427550e+01 3.629525680216771377e+01 -8.195707140545178504e+01 -3.816772966669444433e-01 -6.244876205786108159e+01 -4.508784315787736574e+01
6.402010050251256246e+01 3.593260073927638842e+01 -8.178390766891408248e+01 -3.816772966669444433e-01 -6.265614726798201417e+01 -4.506990654128935603e+01
6.467336683417086363e+01 3.557704486147022038e+01 -8.161061740673139298e+01 -3.816772966579038973e-01 -6.286335137104018855e+01 -4.505131952243698379e+01
6.532663316582915058e+01 3.522817033417666721e+01 -8.143720286123496521e+01 -3.816772966579038973e-01 -6.307036814807499780e+01 -4.503208292228819687e+01
6.597989949748743754e+01 3.488559129478215937e+01 -8.126366594642593100e+01 -3.816772966669444433e-01 -6.327719141179932194e+01 -4.501219758909082458e+01
6.663316582914573871e+01 3.454895171082569760e+01 -8.109000828010178452e+01 -3.816772966669444433e-01 -6.348381500755781559e+01 -4.499166439817761187e+01
6.728643216080402567e+01 3.421792258860884317e+01 -8.091623121236077054e+01 -3.816772966579038973e-01 -6.369023281427234906e+01 -4.497048425179281850e+01
6.793969849246231263e+01 3.361299599051322673e+01 -8.079013044737624227e+01 -3.949069447956733425e-01 -8.257792593299453188e+01 -5.670860307454474025e+01
6.859296482412061380e+01 3.252811512821208595e+01 -8.074463276579768944e+01 4.830744539775307933e-01 5.228860164283085510e+01 6.388407144593422515e+01
6.924623115577890076e+01 3.144758854174893159e+01 -8.069672054613349133e+01 4.830744539846736352e-01 5.214153793500918255e+01 6.371329390730328157e+01
6.989949748743718771e+01 3.037184712266622810e+01 -8.064638736333725433e+01 4.830744539775307933e-01 5.199625103053189434e+01 6.354236630429758037e+01
7.055276381909548888e+01 2.964895940908081329e+01 -8.055390866714350295e+01 3.578499504578744883e-01 7.661425535070613080e+01 5.682754634115769932e+01
7.120603015075377584e+01 2.899630440957215782e+01 -8.045317004655069582e+01 3.382858617598383244e-01 8.111607069898779798e+01 5.433606380630668298e+01
7.185929648241206280e+01 2.835043082330995290e+01 -8.035150965213424001e+01 3.382858626880490549e-01 8.079503406516792552e+01 5.414518149732916186e+01
7.251256281407036397e+01 2.771125701432811894e+01 -8.024893127633407630e+01 3.382858617598383244e-01 8.047681634932855843e+01 5.395352951872025216e+01
7.316582914572865093e+01 2.707870185432772203e+01 -8.014543870273399762e+01 3.382858617598383244e-01 8.016138282529453818e+01 5.376112050259693120e+01
7.381909547738693789e+01 2.645268477055335410e+01 -8.004103570721915162e+01 3.382858617598383244e-01 7.984869900938481635e+01 5.356796686672293362e+01
7.447236180904523906e+01 2.583312578155569739e+01 -7.993572605777927720e+01 3.382858617496382059e-01 7.953873066997061869e+01 5.337408081764005630e+01
7.512562814070352601e+01 2.521994553158542374e+01 -7.982951351460206979e+01 3.382858617598383244e-01 7.923144383633145083e+01 5.317947435377677579e+01
7.577889447236181297e+01 2.461306532061181329e+01 -7.972240182993093072e+01 3.382858626880490549e-01 7.892680480675943500e+01 5.298415926857511238e+01
7.643216080402009993e+01 2.401240713967273521e+01 -7.961439474938717353e+01 3.382858617598383244e-01 7.862478015603251436e+01 5.278814715360189069e+01
7.708542713567840110e+01 2.341789368707908281e+01 -7.950549601038966330e+01 3.382858617598383244e-01 7.832533674218966269e+01 5.259144940169120019e+01
7.773869346733668806e+01 2.282944839723645103e+01 -7.939570934323043616e+01 3.382858626676488178e-01 7.802844171274180951e+01 5.239407721002380924e+01
7.839195979899497502e+01 2.224699546501969749e+01 -7.928503847187386100e+01 3.382858626880490549e-01 7.773406251024871949e+01 5.219604158325547871e+01
7.904522613065327619e+01 2.167045986179746464e+01 -7.917348711363698044e+01 3.382858617598383244e-01 7.744216687737684879e+01 5.199735333659697289e+01
7.969849246231156314e+01 2.109976734924740072e+01 -7.906105897879169220e+01 3.382858617496382059e-01 7.715272286139861535e+01 5.179802309889197431e+01
8.035175879396985010e+01 2.053484449766392927e+01 -7.894775777141776985e+01 3.382858626778489364e-01 7.686569881820273054e+01 5.159806131566735843e+01
8.100502512562815127e+01 1.997561870376441817e+01 -7.883358719061877196e+01 3.382858617598383244e-01 7.658106341582337961e+01 5.139747825217943955e+01
8.165829145728643823e+01 1.942201819288306908e+01 -7.871855092893838446e+01 3.382858617598383244e-01 7.629878563751420018e+01 5.119628399642850525e+01
8.231155778894472519e+01 1.887397203494651876e+01 -7.860265267386975552e+01 3.382858617700384429e-01 7.601883478438205088e+01 5.099448846214360032e+01
8.296482412060302636e+01 1.833141015126503603e+01 -7.848589610785126069e+01 3.382858617598383244e-01 7.574118047763543871e+01 5.079210139176497307e+01
8.361809045226131332e+01 1.727177528212431312e+01 -7.837496821648653622e+01 4.446451341164011084e-01 5.004955547252891535e+01 4.400487809877171941e+01
8.427135678391960028e+01 1.619723384041839154e+01 -7.826107601112940415e+01 4.517275326017866632e-01 4.898870207833103763e+01 4.338143366471312845e+01
8.492462311557790144e+01 1.513794819887834819e+01 -7.814383915898889654e+01 4.517275325788708829e-01 4.884479702586562411e+01 4.314614960713669944e+01
8.557788944723618840e+01 1.409404133014945337e+01 -7.802331326721895266e+01 4.517275325712322709e-01 4.870156691005203697e+01 4.291082582910312482e+01
8.623115577889447536e+01 1.306560340713941848e+01 -7.789955459608682986e+01 4.517275325788708829e-01 4.855899931763360655e+01 4.267546398282286901e+01
8.688442211055277653e+01 1.205269353123818910e+01 -7.777261988070156917e+01 4.517275325788708829e-01 4.841708205176579582e+01 4.244006569710438725e+01
8.753768844221106349e+01 1.105534150996026099e+01 -7.764256616398486699e+01 4.517275325941480513e-01 4.827580312689277520e+01 4.220463257798633094e+01
8.819095477386935045e+01 1.007354966406973062e+01 -7.750945064111343186e+01 4.517275325941480513e-01 4.813515076372522117e+01 4.196916620934270981e+01
8.884422110552765162e+01 9.107294645313270820e+00 -7.737333051542276507e+01 4.517275325941480513e-01 4.799511338438713182e+01 4.173366815349873349e+01
8.949748743718593857e+01 8.156529248629798445e+00 -7.723426286574428445e+01 4.517275325941480513e-01 4.785567960765469309e+01 4.149813995179253823e+01
9.015075376884422553e+01 7.221184204156936737e+00 -7.709230452498127306e+01 4.517275325788708829e-01 4.771683824436095023e+01 4.126258312515771820e+01
9.080402010050252670e+01 6.301169936287095652e+00 -7.694751196963829898e+01 4.517275325788708829e-01 4.757857829286698603e+01 4.102699917467052870e+01
9.145728643216081366e+01 5.396378279321362825e+00 -7.679994122000937296e+01 4.517275325788708829e-01 4.744088893470921420e+01 4.079138958208555010e+01
9.211055276381910062e+01 4.506684140393308446e+00 -7.664964775057828206e+01 4.517275325788708829e-01 4.730375953031396108e+01 4.055575581035996890e+01
9.276381909547738758e+01 3.631947102456830834e+00 -7.649668641020159043e+01 4.517275325865094948e-01 4.716717961484890509e+01 4.032009930416834464e+01
9.341708542713568875e+01 2.772012961572175804e+00 -7.634111135160171102e+01 4.517275325788708829e-01 4.703113889416081861e+01 4.008442149038693714e+01
9.407035175879397570e+01 1.926715193848838492e+00 -7.618297596962008811e+01 4.517275325788708829e-01 4.689562724083863543e+01 3.984872377859799286e+01
9.472361809045226266e+01 1.095876349157625551e+00 -7.602233284775141442e+01 4.517275325941480513e-01 4.676063469036404996e+01 3.961300756153854508e+01
9.537688442211056383e+01 2.793093695448466973e-01 -7.585923371242193980e+01 4.517275325712322709e-01 4.662615143735649781e+01 3.937727421558221863e+01
9.603015075376885079e+01 -5.231811690810357351e-01 -7.569372939439676884e+01 4.517275325712322709e-01 4.649216783192876790e+01 3.914152510117021677e+01
9.668341708542713775e+01 -1.311797891507693326e+00 -7.552586979691304236e+01 4.517275325941480513e-01 4.635867437611590702e+01 3.890576156325561641e+01
9.733668341708543892e+01 -2.086749533777609855e+00 -7.535570386995934200e+01 4.517275325788708829e-01 4.622566172040793475e+01 3.866998493173521467e+01
9.798994974874372588e+01 -2.848249928815892229e+00 -7.518327959013382156e+01 4.517275325712322709e-01 4.609312066035889188e+01 3.843419652185514224e+01
9.864321608040201284e+01 -3.596517064855214052e+00 -7.500864394570660920e+01 4.517275325865094948e-01 4.596104213329059718e+01 3.819839763462018567e+01
9.929648241206031400e+01 -4.331772214721409497e+00 -7.483184292637844237e+01 4.517275325941480513e-01 4.582941721507283717e+01 3.796258955719921602e+01
9.994974874371860096e+01 -5.054239133613308788e+00 -7.465292151725876124e+01 4.517275325865094948e-01 4.569823711697326019e+01 3.772677356329469944e+01
1.006030150753768879e+02 -5.764143322491797505e+00 -7.447192369666856848e+01 4.517275325788708829e-01 4.556749318261103809e+01 3.749095091352768350e+01
1.012562814070351891e+02 -6.461711354075951874e+00 -7.428889243738538539e+01 4.517275325788708829e-01 4.543717688495610929e+01 3.725512285581550742e+01
1.019095477386934760e+02 -7.147170258387579800e+00 -7.410386971095385888e+01 4.517275325712322709e-01 4.530727982341870330e+01 3.701929062571780094e+01
1.025628140703517630e+02 -7.820746964781828403e+00 -7.391689649468781909e+01 4.517275325712322709e-01 4.517779372100275737e+01 3.678345544678245460e+01
1.032160804020100642e+02 -8.482667797119955111e+00 -7.372801278107948519e+01 4.517275325865094948e-01 4.504871042153616401e+01 3.654761853092284696e+01
1.038693467336683511e+02 -9.133158018895315422e+00 -7.353725758931830114e+01 4.517275325788708829e-01 4.492002188696202580e+01 3.631178107869574490e+01
1.045226130653266381e+02 -9.772441425372125678e+00 -7.334466897858158063e+01 4.517275325788708829e-01 4.479172019468651200e+01 3.607594427968914630e+01
1.051758793969849393e+02 -1.037536256535171830e+01 -7.318356142322411984e+01 4.595037268853167101e-01 4.467457103735230106e+01 4.866022388811003907e+01
1.058291457286432262e+02 -1.090578794649918137e+01 -7.311119124356974908e+01 5.786232422608373893e-01 4.477143950454098587e+01 7.648317618128990603e+01
1.064824120603015132e+02 -1.143273020099826986e+01 -7.303651807244011707e+01 5.786232422608373893e-01 4.545919082520741483e+01 7.624668158248852023e+01
1.071356783919598143e+02 -1.195606909994518396e+01 -7.295955403517112359e+01 5.786232422548739374e-01 4.612452924529579690e+01 7.600842160681872883e+01
1.077889447236181013e+02 -1.247568979863867078e+01 -7.288031182264586505e+01 5.786232422548739374e-01 4.676842691365793314e+01 7.576848508186341746e+01
1.084422110552763883e+02 -1.299148287516740474e+01 -7.279880466441187536e+01 5.786232422608373893e-01 4.739181167658436777e+01 7.552695555261105653e+01
1.090954773869346752e+02 -1.350334435363151542e+01 -7.271504630157488691e+01 5.786232422608373893e-01 4.799556849642014811e+01 7.528391161915649832e+01
1.097487437185929764e+02 -1.401117571253788263e+01 -7.262905095956205059e+01 5.786232422548739374e-01 4.858054096383690990e+01 7.503942725410222181e+01
1.104020100502512634e+02 -1.466178702708882575e+01 -7.252428369572129441e+01 5.965643943484829625e-01 3.483960516020268727e+01 6.908143734192503871e+01
1.110552763819095503e+02 -1.539651623208895082e+01 -7.240612218744811912e+01 6.121982813040037774e-01 3.000332244369605661e+01 6.518442206510603398e+01
1.117085427135678515e+02 -1.612292873310679653e+01 -7.228497507408448541e+01 6.120370178958248752e-01 3.037886301272975231e+01 6.501684596109453196e+01
1.123618090452261384e+02 -1.684093794692488899e+01 -7.216088399173133894e+01 6.118756726685948832e-01 3.074947526264558206e+01 6.484828255909303607e+01
1.130150753768844254e+02 -1.755046983556164619e+01 -7.203389102202609706e+01 6.117142458903805924e-01 3.111522940112198299e+01 6.467875208696889899e+01
1.136683417085427266e+02 -1.825146248832926688e+01 -7.190403861007931141e+01 6.115527378520670965e-01 3.147619525108885696e+01 6.450827434854178932e+01
1.143216080402010135e+02 -1.894386568345582234e+01 -7.177136948590336374e+01 6.113911488165960639e-01 3.183244220243435052e+01 6.433686873018704944e+01
1.149748743718593005e+02 -1.962764043318312446e+01 -7.163592658943423430e+01 6.112294790471546335e-01 3.218403916746665061e+01 6.416455420759423589e+01
1.156281407035176017e+02 -2.030275851594968728e+01 -7.149775299923348371e+01 6.110677288184700462e-01 3.253105454010028552e+01 6.399134935259348822e+01
1.162814070351758886e+02 -2.096920199904677418e+01 -7.135689186493431180e+01 6.109058983942323717e-01 3.287355615849420332e+01 6.381727234007494332e+01
1.169346733668341756e+02 -2.162696275499670051e+01 -7.121338634344994034e+01 6.107439880440288515e-01 3.321161127097655452e+01 6.364234095495828569e+01
1.175879396984924767e+02 -2.227604197462242652e+01 -7.106727953894821326e+01 6.105819980546551839e-01 3.354528650506677678e+01 6.346657259919870597e+01
1.182412060301507637e+02 -2.291644967945866895e+01 -7.091861444659249969e+01 6.104199286566527327e-01 3.387464783947993396e+01 6.328998429882685883e+01
1.188944723618090507e+02 -2.354820423621236358e+01 -7.076743389996244105e+01 6.102577801429734938e-01 3.419976057886105991e+01 6.311259271099867618e+01
1.195477386934673518e+02 -2.417133187533702454e+01 -7.061378052213947853e+01 6.100955528011943185e-01 3.452068933118006555e+01 6.293441413102974735e+01
1.202010050251256388e+02 -2.481710665668960303e+01 -7.042373912592518082e+01 6.068917127865747219e-01 3.480161062321818832e+01 5.592374563512425567e+01
1.208542713567839257e+02 -2.530183200990242653e+01 -7.016945324080032265e+01 5.420974491720512711e-01 4.489034528248010503e+01 3.980602990317778023e+01
1.215075376884422269e+02 -2.544114587137477201e+01 -6.993798247713394289e+01 4.317344243137792303e-01 6.635213551290101464e+01 3.439053919178323326e+01
1.221608040201005139e+02 -2.557935302672080979e+01 -6.970618291123071231e+01 4.314852044591478419e-01 6.626244071898500465e+01 3.422065525670227260e+01
1.228140703517588008e+02 -2.571646761023254868e+01 -6.947405696629968475e+01 4.312358289734143368e-01 6.617316109722341366e+01 3.405064791212791420e+01
1.234673366834171020e+02 -2.585250321241282379e+01 -6.924160706870105741e+01 4.309862980587917947e-01 6.608429252105628393e+01 3.388051816260091442e+01
1.241206030150753890e+02 -2.598747290730264226e+01 -6.900883564796788505e+01 4.307366119177936103e-01 6.599583090117133111e+01 3.371026700288384603e+01
1.247738693467336759e+02 -2.612138927815858835e+01 -6.877574513681264534e+01 4.304867707692661138e-01 6.590777218507058421e+01 3.353989541813935205e+01
1.254271356783919771e+02 -2.625426444158518891e+01 -6.854233797113556648e+01 4.302367748323959740e-01 6.582011235662291426e+01 3.336940438403988196e+01
1.260804020100502640e+02 -2.624447319899789832e+01 -6.834822882412547074e+01 3.409258659934777946e-01 7.612870495776951429e+01 2.626167726651849677e+01
1.267336683417085510e+02 -2.613445391424989239e+01 -6.818234274193113720e+01 2.893908116014373699e-01 8.580841974312757259e+01 1.798672164598477963e+01
1.273869346733668380e+02 -2.602652751818501287e+01 -6.801621205708735829e+01 2.892074184734859665e-01 8.574321857205138997e+01 1.782986326489853823e+01
1.280402010050251249e+02 -2.592064125862910018e+01 -6.784984237698387233e+01 2.890239006925678922e-01 8.567840009120057232e+01 1.767283902746342861e+01
1.286934673366834261e+02 -2.581674372158737896e+01 -6.768323919752876350e+01 2.888402582480629199e-01 8.561396275495985719e+01 1.751564984964433691e+01
1.293467336683417273e+02 -2.571478479287497620e+01 -6.751640790678089843e+01 2.886564912845621667e-01 8.554990502927738305e+01 1.735829664113763471e+01
1.300000000000000000e+02 -2.561471562096963339e+01 -6.734935378857616683e+01 2.884725998750951592e-01 8.548622539167322998e+01 1.720078030540545910e+01
