0.000000000000000000e+00 0.000000000000000000e+00 -9.000000000000000000e+01 0.000000000000000000e+00 0.000000000000000000e+00 9.000000000000000000e+01
3.015075376884421843e-01 -1.618646359866199091e+01 -8.989062904161201573e+01 3.970096715354715644e-01 7.383711337778152028e+01 2.332269277428037313e+01
6.030150753768843686e-01 -1.623453651068198056e+01 -8.978123620749136080e+01 3.971371512702547291e-01 7.378819044739530852e+01 2.333877395026142665e+01
9.045226130653265528e-01 -1.628264772064657606e+01 -8.967182145049747533e+01 3.972645714634587821e-01 7.373924403218595103e+01 2.335475727912844945e+01
1.206030150753768737e+00 -1.633079702813956047e+01 -8.956238472346262824e+01 3.973919312755971878e-01 7.369027438911811601e+01 2.337064272681478982e+01
1.507537688442210921e+00 -1.637898423252934776e+01 -8.945292597899376119e+01 3.975192305609617782e-01 7.364128177557343236e+01 2.338643025985778934e+01
1.809045226130653106e+00 -1.642720913301036134e+01 -8.934344516938108427e+01 3.976464695406252692e-01 7.359226644934750539e+01 2.340211984539887169e+01
2.110552763819095290e+00 -1.647547152856514074e+01 -8.923394224667433150e+01 3.977736481502908705e-01 7.354322866864541197e+01 2.341771145118607222e+01
2.412060301507537474e+00 -1.652377121795778336e+01 -8.912441716270524239e+01 3.979007662442968773e-01 7.349416869207952629e+01 2.343320504557393491e+01
2.713567839195979658e+00 -1.657210799976057203e+01 -8.901486986903191223e+01 3.980278238806238544e-01 7.344508677866443236e+01 2.344860059752502224e+01
3.015075376884421843e+00 -1.662048167233339768e+01 -8.890530031700077984e+01 3.981548209137321659e-01 7.339598318781452235e+01 2.346389807661143223e+01
3.316582914572864027e+00 -1.666889203383326290e+01 -8.879570845772136067e+01 3.982817572795815386e-01 7.334685817933969076e+01 2.347909745301492634e+01
3.618090452261306211e+00 -1.671733888225821119e+01 -8.868609424196876034e+01 3.984086332801066166e-01 7.329771201344198062e+01 2.349419869752897938e+01
3.919597989949748396e+00 -1.676582201537155470e+01 -8.857645762036284509e+01 3.985354485665109636e-01 7.324854495071177496e+01 2.350920178155920581e+01
4.221105527638190580e+00 -1.681434123073990250e+01 -8.846679854329181580e+01 3.986622030748386281e-01 7.319935725212425837e+01 2.352410667712408099e+01
4.522613065326632764e+00 -1.686289632575344655e+01 -8.835711696086929123e+01 3.987888969036634257e-01 7.315014917903548053e+01 2.353891335685686315e+01
4.824120603015074948e+00 -1.691148709760730284e+01 -8.824741282297890166e+01 3.989155299889813877e-01 7.310092099317895986e+01 2.355362179400680844e+01
5.125628140703517133e+00 -1.696011334331278064e+01 -8.813768607925578635e+01 3.990421023480286711e-01 7.305167295666164762e+01 2.356823196243785645e+01
5.427135678391959317e+00 -1.700877485969025216e+01 -8.802793667910680142e+01 3.991686139168312830e-01 7.300240533196037518e+01 2.358274383663296447e+01
5.728643216080401501e+00 -1.705747144336961085e+01 -8.791816457171464094e+01 3.992950646314679108e-01 7.295311838191754816e+01 2.359715739169229565e+01
6.030150753768843686e+00 -1.710620289079395917e+01 -8.780836970603851910e+01 3.994214544280711432e-01 7.290381236973887269e+01 2.361147260333544651e+01
6.331658291457285870e+00 -1.715496899822958099e+01 -8.769855203079237072e+01 3.995477833239098331e-01 7.285448755898691786e+01 2.362568944790313097e+01
6.633165829145728054e+00 -1.720376956176813010e+01 -8.758871149444760817e+01 3.996740513362036507e-01 7.280514421358006416e+01 2.363980790235562424e+01
6.934673366834170238e+00 -1.725260437731787988e+01 -8.747884804525480718e+01 3.998002584010894034e-01 7.275578259778649226e+01 2.365382794427719304e+01
7.236180904522612423e+00 -1.730147324060618175e+01 -8.736896163124728787e+01 3.999264044547572450e-01 7.270640297622176718e+01 2.366774955187393559e+01
7.537688442211054607e+00 -1.735037594719089427e+01 -8.725905220021849118e+01 4.000524895144312865e-01 7.265700561384434764e+01 2.368157270397448144e+01
7.839195979899496791e+00 -1.739931229242327859e+01 -8.714911969981326934e+01 4.001785132734617112e-01 7.260759077595071176e+01 2.369529738003652852e+01
8.140703517587938975e+00 -1.744828207151826049e+01 -8.703916407737361283e+01 4.003044759920709739e-01 7.255815872817453283e+01 2.370892356013817448e+01
8.442211055276381160e+00 -1.749728507953614098e+01 -8.692918527998349987e+01 4.004303777683157484e-01 7.250870973647774065e+01 2.372245122498944170e+01
8.743718592964823344e+00 -1.754632111133009076e+01 -8.681918325459352559e+01 4.005562182552632744e-01 7.245924406715165844e+01 2.373588035592239365e+01
9.045226130653265528e+00 -1.759538996160736346e+01 -8.670915794788916742e+01 4.006819975915142384e-01 7.240976198681019582e+01 2.374921093490190671e+01
9.346733668341707713e+00 -1.764449142490169464e+01 -8.659910930635805926e+01 4.008077156729810131e-01 7.236026376238541502e+01 2.376244294451920069e+01
9.648241206030149897e+00 -1.769362529558933517e+01 -8.648903727625813076e+01 4.009333725168834350e-01 7.231074966112635138e+01 2.377557636799614116e+01
9.949748743718592081e+00 -1.777980022567139784e+01 -8.637769973168272486e+01 4.193962029097614286e-01 7.137816254415930928e+01 2.774736264073387559e+01
1.025125628140703427e+01 -1.773574536456105477e+01 -8.629288826586801520e+01 -3.432378084360134252e-01 -1.033494184559718718e+02 -3.430134312833081367e+01
1.055276381909547645e+01 -1.766929413686426997e+01 -8.621339094919628110e+01 -3.282280598721226683e-01 -1.018706858848772043e+02 -3.575353209854114311e+01
1.085427135678391863e+01 -1.760790252351278085e+01 -8.613384258432876095e+01 -3.283949544362994577e-01 -1.019267153209391523e+02 -3.575973686714625899e+01
1.115577889447236082e+01 -1.755126996595628341e+01 -8.605424412603579754e+01 -3.285617750225192091e-01 -1.019827466953559991e+02 -3.576586953109453049e+01
1.145728643216080300e+01 -1.749911927518648724e+01 -8.597459645078373569e+01 -3.287285212506467769e-01 -1.020387797841064810e+02 -3.577193007155734961e+01
1.175879396984924519e+01 -1.745119440931970800e+01 -8.589490036412735208e+01 -3.288951930860253281e-01 -1.020948143629708227e+02 -3.577791847019206273e+01
1.206030150753768737e+01 -1.740725849938113612e+01 -8.581515660733364825e+01 -3.290617905432436929e-01 -1.021508502075328124e+02 -3.578383470914884867e+01
1.236180904522612956e+01 -1.736709209161775291e+01 -8.573536586333560194e+01 -3.292283134400060263e-01 -1.022068870931853581e+02 -3.578967877106642703e+01
1.266331658291457174e+01 -1.733049157910012639e+01 -8.565552876189016729e+01 -3.293947620369218621e-01 -1.022629247951315534e+02 -3.579545063907504954e+01
1.296482412060301392e+01 -1.729726779949293913e+01 -8.557564588440249054e+01 -3.295611361025082009e-01 -1.023189630883891255e+02 -3.580115029679272709e+01
1.326633165829145611e+01 -1.726724477868665630e+01 -8.549571776810560664e+01 -3.297274355530795953e-01 -1.023750017477987768e+02 -3.580677772832993355e+01
1.356783919597989829e+01 -1.724025860301351187e+01 -8.541574490981545864e+01 -3.298936604032720599e-01 -1.024310405480178332e+02 -3.581233291829119736e+01
1.386934673366834048e+01 -1.721615640501370237e+01 -8.533572776941412030e+01 -3.300598103241011994e-01 -1.024870792635356338e+02 -3.581781585176647553e+01
1.417085427135678266e+01 -1.719479544956783101e+01 -8.525566677279104510e+01 -3.302258854777194719e-01 -1.025431176686679322e+02 -3.582322651434000704e+01
1.447236180904522485e+01 -1.717604230912734309e+01 -8.517556231461665561e+01 -3.303918859768746330e-01 -1.025991555375679951e+02 -3.582856489208934647e+01
1.477386934673366703e+01 -1.715977211806836067e+01 -8.509541476095645862e+01 -3.305578114440038684e-01 -1.026551926442225664e+02 -3.583383097158073127e+01
1.507537688442210921e+01 -1.714586789740733863e+01 -8.501522445147159601e+01 -3.307236617471451812e-01 -1.027112287624627385e+02 -3.583902473987332371e+01
1.537688442211055140e+01 -1.713421994231639900e+01 -8.493499170139531884e+01 -3.308894370482751146e-01 -1.027672636659654728e+02 -3.584414618452147749e+01
1.567839195979899358e+01 -1.712472526574862997e+01 -8.485471680335797373e+01 -3.310551376557839265e-01 -1.028232971282529320e+02 -3.584919529356628232e+01
1.597989949748743577e+01 -1.711728709229228684e+01 -8.477440002929265006e+01 -3.312207629970995160e-01 -1.028793289227060086e+02 -3.585417205554767150e+01
1.628140703517587795e+01 -1.711181439698097861e+01 -8.469404163188116286e+01 -3.313863128917902134e-01 -1.029353588225568927e+02 -3.585907645949253464e+01
1.658291457286431836e+01 -1.710822148453305402e+01 -8.461364184587702653e+01 -3.315517875017280347e-01 -1.029913866009000714e+02 -3.586390849492449462e+01
1.688442211055276232e+01 -1.710642760495035830e+01 -8.453320088941293875e+01 -3.317171868907465848e-01 -1.030474120306960089e+02 -3.586866815186009205e+01
1.718592964824120628e+01 -1.710635660185755569e+01 -8.445271896519886923e+01 -3.318825110248855847e-01 -1.031034348847701239e+02 -3.587335542080496253e+01
1.748743718592964669e+01 -1.710793659037577186e+01 -8.437219626168055697e+01 -3.320477595287171790e-01 -1.031594549358238169e+02 -3.587797029276413951e+01
1.778894472361808710e+01 -1.711109966168603336e+01 -8.429163295391924748e+01 -3.322129324663417038e-01 -1.032154719564286580e+02 -3.588251275923035877e+01
1.809045226130653106e+01 -1.711578161174718105e+01 -8.421102920447356155e+01 -3.323780299991502818e-01 -1.032714857190423885e+02 -3.588698281219344466e+01
1.839195979899497502e+01 -1.712192169188655555e+01 -8.413038516432629876e+01 -3.325430518984762163e-01 -1.033274959959992714e+02 -3.589138044413477502e+01
1.869346733668341543e+01 -1.712946237924653303e+01 -8.404970097360342152e+01 -3.327079981308011525e-01 -1.033835025595260646e+02 -3.589570564803185704e+01
1.899497487437185583e+01 -1.713834916526011298e+01 -8.396897676232688923e+01 -3.328728684679718719e-01 -1.034395051817399462e+02 -3.589995841735117210e+01
1.929648241206029979e+01 -1.714105984576839958e+01 -8.388026096204518467e+01 -3.359524895353970808e-01 -1.040579615101796378e+02 -2.817418260135382724e+01
1.959798994974874375e+01 -1.714489547605472808e+01 -8.379137486995858808e+01 -3.361973342023000244e-01 -1.041108069641761205e+02 -2.805160566618287987e+01
1.989949748743718416e+01 -1.714993484799715162e+01 -8.370245340355907615e+01 -3.363401866413504582e-01 -1.041550541450447582e+02 -2.805843037246511074e+01
2.020100502512562457e+01 -1.715379649213695146e+01 -8.363739267222527474e+01 -2.576490365647006175e-01 -1.034777173953089289e+02 -3.249305957675105105e+01
2.050251256281406853e+01 -1.715729163514456346e+01 -8.358424027399931333e+01 -2.192604172015902297e-01 -1.029317755636439955e+02 -3.587900351465002302e+01
2.080402010050251249e+01 -1.716144763442066790e+01 -8.353104730683804746e+01 -2.193799132728514456e-01 -1.029823318064196798e+02 -3.586646769578037919e+01
2.110552763819095290e+01 -1.716624885617092033e+01 -8.347781384400263960e+01 -2.194993601565195518e-01 -1.030328464286314869e+02 -3.585391760119296833e+01
2.140703517587939331e+01 -1.717168014682026467e+01 -8.342453995646047815e+01 -2.196187573427950401e-01 -1.030833194363732304e+02 -3.584135320753691900e+01
2.170854271356783727e+01 -1.717772681472891705e+01 -8.337122571285098616e+01 -2.197381048389718539e-01 -1.031337508356434398e+02 -3.582877449158937111e+01
2.201005025125628123e+01 -1.718437461273206779e+01 -8.331787117953845723e+01 -2.198574027996483826e-01 -1.031841406323131878e+02 -3.581618143024719103e+01
2.231155778894472164e+01 -1.719160972143978228e+01 -8.326447642085616963e+01 -2.199766507163206097e-01 -1.032344888321698875e+02 -3.580357400054248984e+01
2.261306532663316204e+01 -1.719941873331259785e+01 -8.321104149906130942e+01 -2.200958485967328682e-01 -1.032847954408758397e+02 -3.579095217963256914e+01
2.291457286432160600e+01 -1.720778863743328913e+01 -8.315756647439368976e+01 -2.202149965221359695e-01 -1.033350604640070287e+02 -3.577831594480756650e+01
2.321608040201004997e+01 -1.721670680493683037e+01 -8.310405140520228429e+01 -2.203340943530181506e-01 -1.033852839070211758e+02 -3.576566527347326030e+01
2.351758793969849037e+01 -1.722616097508826272e+01 -8.305049634797941849e+01 -2.204531420970909927e-01 -1.034354657752789706e+02 -3.575300014317270580e+01
2.381909547738693078e+01 -1.723613924193956848e+01 -8.299690135753482423e+01 -2.205721393213854742e-01 -1.034856060740387420e+02 -3.574032053156845734e+01
2.412060301507537474e+01 -1.724663004159225466e+01 -8.294326648697008864e+01 -2.206910859608255671e-01 -1.035357048084569982e+02 -3.572762641646069426e+01
2.442211055276381870e+01 -1.725762213999850303e+01 -8.288959178770460312e+01 -2.208099820971589078e-01 -1.035857619835847174e+02 -3.571491777576370907e+01
2.472361809045225911e+01 -1.726910462128566337e+01 -8.283587730948002559e+01 -2.209288280318815467e-01 -1.036357776043786316e+02 -3.570219458752484343e+01
2.502512562814069952e+01 -1.728106687649538387e+01 -8.278212310072049718e+01 -2.210476228200419224e-01 -1.036857516756941777e+02 -3.568945682991734714e+01
2.532663316582914348e+01 -1.729349859293058955e+01 -8.272832920822881420e+01 -2.211663669835025603e-01 -1.037356842022813908e+02 -3.567670448123732285e+01
2.562814070351758744e+01 -1.730638974382284445e+01 -8.267449567747075889e+01 -2.212850600913493504e-01 -1.037855751888006495e+02 -3.566393751991079597e+01
2.592964824120602785e+01 -1.747388028956704531e+01 -8.262767390427964642e+01 -2.314020842233293629e-01 -1.254774433630629602e+02 -4.480362971801233840e+01
2.623115577889446826e+01 -1.784373991164800088e+01 -8.258996914712056991e+01 -2.770823352060342026e-01 -1.542647304800711652e+02 -4.868204490891240965e+01
2.653266331658291222e+01 -1.821051061683539629e+01 -8.255198525982811475e+01 -2.771682490343472249e-01 -1.542818457149537039e+02 -4.865068607950210122e+01
2.683417085427135618e+01 -1.857421335596511724e+01 -8.251372533014821897e+01 -2.772541528911917630e-01 -1.542989591712641015e+02 -4.861932117318229984e+01
2.713567839195979658e+01 -1.893486948572101980e+01 -8.247519241260096123e+01 -2.773400468442401290e-01 -1.543160707775559217e+02 -4.858795018991245485e+01
2.743718592964823699e+01 -1.929250073960276524e+01 -8.243638952826964328e+01 -2.774259305523612551e-01 -1.543331804626122903e+02 -4.855657312964701333e+01
2.773869346733668095e+01 -1.964712920064093282e+01 -8.239731966454132817e+01 -2.775118039083263044e-01 -1.543502881554399835e+02 -4.852518999236305319e+01
2.804020100502512491e+01 -1.999877727469733557e+01 -8.235798577491516426e+01 -2.775976668050381679e-01 -1.543673937852755387e+02 -4.849380077803610334e+01
2.834170854271356532e+01 -2.034746766458120248e+01 -8.231839077885365441e+01 -2.776835190771966833e-01 -1.543844972815736867e+02 -4.846240548665835490e+01
2.864321608040200573e+01 -2.069322334512116512e+01 -8.227853756166021526e+01 -2.777693605597049697e-01 -1.544015985740143151e+02 -4.843100411822132401e+01
2.894472361809044969e+01 -2.103606753946424490e+01 -8.223842897434542465e+01 -2.778551913791593719e-01 -1.544186975924982903e+02 -4.839959667273119237e+01
2.924623115577889365e+01 -2.137602369550382164e+01 -8.219806783360786540e+01 -2.779410113705980678e-01 -1.544357942671567230e+02 -4.836818315020804704e+01
2.954773869346733406e+01 -2.171311546352408683e+01 -8.215745692180172455e+01 -2.780268203692617401e-01 -1.544528885283399973e+02 -4.833676355066597097e+01
2.984924623115577447e+01 -2.204736667446726983e+01 -8.211659898695873494e+01 -2.781126180358607369e-01 -1.544699803066026220e+02 -4.830533787414122315e+01
3.015075376884421843e+01 -2.224511400524817262e+01 -8.206631316019672795e+01 -2.521807578628881275e-01 -1.339658566450434023e+02 -4.427705244733370193e+01
3.045226130653266239e+01 -2.230829465655926569e+01 -8.200674924213817008e+01 -2.456897632964106237e-01 -1.149464959260011199e+02 -3.600200619371300803e+01
3.075376884422110280e+01 -2.237137485861339670e+01 -8.194712347140369957e+01 -2.457938318319010385e-01 -1.150178971166586308e+02 -3.595298200525636645e+01
3.105527638190954320e+01 -2.243435517864267936e+01 -8.188743585809234560e+01 -2.458977753637186792e-01 -1.150891669477022532e+02 -3.590391390241543235e+01
3.135678391959798716e+01 -2.249723616653454883e+01 -8.182768641260349796e+01 -2.460015937869302338e-01 -1.151603056664356188e+02 -3.585480200515839044e+01
3.165829145728643113e+01 -2.256001835543569101e+01 -8.176787514562076353e+01 -2.461052870624078348e-01 -1.152313135198453864e+02 -3.580564643304816741e+01
3.195979899497487153e+01 -2.262270226236575255e+01 -8.170800206806507049e+01 -2.462088553482730535e-01 -1.153021907546326190e+02 -3.575644730521729286e+01
3.226130653266331194e+01 -2.268528838864127906e+01 -8.164806719120650769e+01 -2.463122983418444822e-01 -1.153729376171725249e+02 -3.570720474037349845e+01
3.256281407035175590e+01 -2.274777722033026350e+01 -8.158807052672926829e+01 -2.464156154778132379e-01 -1.154435543535453945e+02 -3.565791885681632323e+01
3.286432160804019986e+01 -2.281016922893639531e+01 -8.152801208655549203e+01 -2.465188069144217120e-01 -1.155140412095180125e+02 -3.560858977240652479e+01
3.316582914572863672e+01 -2.287088933913205224e+01 -8.146766255904304899e+01 -2.510064333758413868e-01 -1.150739866443702795e+02 -3.667433067174510342e+01
3.346733668341708068e+01 -2.292605189673064103e+01 -8.140642629577857292e+01 -2.676192239085967151e-01 -1.133552893818307439e+02 -4.029249674049756891e+01
3.376884422110552464e+01 -2.298133272261647875e+01 -8.134511887082416592e+01 -2.677293054172444897e-01 -1.134347591415777714e+02 -4.024152195651124231e+01
3.407035175879396860e+01 -2.303672790209111909e+01 -8.128374028482627978e+01 -2.678392683225622184e-01 -1.135140685139217709e+02 -4.019049637137163700e+01
3.437185929648241256e+01 -2.309223361847875822e+01 -8.122229053853422442e+01 -2.679491125892096703e-01 -1.135932178386166953e+02 -4.013942015119292250e+01
3.467336683417084942e+01 -2.314784614994171008e+01 -8.116076963290694835e+01 -2.680588377587464488e-01 -1.136722074550502839e+02 -4.008829346142625383e+01
3.497487437185929338e+01 -2.320356186662540665e+01 -8.109917756898241237e+01 -2.681684439773635020e-01 -1.137510377022349530e+02 -4.003711646688037717e+01
3.527638190954773734e+01 -2.325937722768980365e+01 -8.103751434799713138e+01 -2.682779309078204832e-01 -1.138297089188002928e+02 -3.998588933171237159e+01
3.557788944723617419e+01 -2.331528877854787041e+01 -8.097577997139364925e+01 -2.683872982132685103e-01 -1.139082214429880082e+02 -3.993461221942108352e+01
3.587939698492461815e+01 -2.337129314828205651e+01 -8.091397444074539180e+01 -2.684965459192283910e-01 -1.139865756126548604e+02 -3.988328529287179691e+01
3.618090452261306211e+01 -2.342738704702000874e+01 -8.085209775783314967e+01 -2.686056737494919022e-01 -1.140647717652506117e+02 -3.983190871427927249e+01
3.648241206030150607e+01 -2.348356726350481338e+01 -8.079014992461063116e+01 -2.687146816089827639e-01 -1.141428102378410756e+02 -3.978048264521524402e+01
3.678391959798995003e+01 -2.353983066265446666e+01 -8.072813094328057559e+01 -2.688235691013345363e-01 -1.142206913670701312e+02 -3.972900724661219130e+01
3.708542713567838689e+01 -2.359617418337100148e+01 -8.066604081619064459e+01 -2.689323363125204480e-01 -1.142984154891805701e+02 -3.967748267876874735e+01
3.738693467336683085e+01 -2.365259483624249626e+01 -8.060387954593650761e+01 -2.690409829067570424e-01 -1.143759829399904504e+02 -3.962590910134404965e+01
3.768844221105527481e+01 -2.370908970141304195e+01 -8.054164713536832210e+01 -2.691495085486410033e-01 -1.144533940549037112e+02 -3.957428667335619110e+01
3.798994974874371167e+01 -2.376565592662877435e+01 -8.047934358748534578e+01 -2.692579133844235639e-01 -1.145306491689034232e+02 -3.952261555320884412e+01
3.829145728643215563e+01 -2.382229072514186186e+01 -8.041696890556673338e+01 -2.693661970187395949e-01 -1.146077486165322767e+02 -3.947089589865849035e+01
3.859296482412059959e+01 -2.384044795550466489e+01 -8.035804299269199191e+01 -2.656533566005980784e-01 -1.080594294015244401e+02 -4.199945318208722256e+01
3.889447236180904355e+01 -2.383763780915583297e+01 -8.030101859590305935e+01 -2.647664104807670449e-01 -1.041333197348420185e+02 -4.325210035565866917e+01
3.919597989949748751e+01 -2.383564420072542234e+01 -8.024391013455922916e+01 -2.648860980011497057e-01 -1.042276557394166758e+02 -4.320737209385018218e+01
3.949748743718592436e+01 -2.383445325440489526e+01 -8.018671784874035779e+01 -2.650056816489747002e-01 -1.043218016854170571e+02 -4.316256840603071510e+01
3.979899497487436832e+01 -2.383405136762766219e+01 -8.012944197285702330e+01 -2.651251611982119449e-01 -1.044157578645048829e+02 -4.311768954578926127e+01
4.010050251256281229e+01 -2.363859272356359398e+01 -8.006747482894110135e+01 -3.260396163635184696e-01 -7.788945125075888143e+01 -3.859507007806088552e+01
4.040201005025124914e+01 -2.305809935547153344e+01 -7.999541887977594001e+01 -5.160249088101039883e-01 -5.539701607785809045e+01 -2.870018936915857211e+01
4.070351758793969310e+01 -2.248699999931225335e+01 -7.992201947475004431e+01 -5.159888755859717291e-01 -5.548500836386046586e+01 -2.867156789617954615e+01
4.100502512562813706e+01 -2.192525963174082193e+01 -7.984730459491021293e+01 -5.159528857451094463e-01 -5.557286835899778055e+01 -2.864270030577978332e+01
4.130653266331658102e+01 -2.137283463425787744e+01 -7.977130190445785729e+01 -5.159169392024040013e-01 -5.566059512327574765e+01 -2.861358705828542170e+01
4.160804020100502498e+01 -2.082967337089479543e+01 -7.969403872733937533e+01 -5.158810361553035628e-01 -5.574818772244619680e+01 -2.858422861684909222e+01
4.190954773869346184e+01 -2.029571675322982216e+01 -7.961554202629307042e+01 -5.158451765500867703e-01 -5.583564522802335262e+01 -2.855462544741742548e+01
4.221105527638190580e+01 -1.977089879009072604e+01 -7.953583838413487683e+01 -5.158093603644101632e-01 -5.592296671731256907e+01 -2.852477801872532126e+01
4.251256281407034976e+01 -1.925548753696299187e+01 -7.945495450581756813e+01 -5.157875881310816091e-01 -5.602222077905915398e+01 -2.852782516558697523e+01
4.281407035175878661e+01 -1.875685408829928136e+01 -7.937293338417612176e+01 -5.161257049774610195e-01 -5.639170865804053534e+01 -2.925803982019616711e+01
4.311557788944723058e+01 -1.826702354428454100e+01 -7.928980293637036425e+01 -5.160894670236628734e-01 -5.648146118323126075e+01 -2.922668764712287270e+01
4.341708542713567454e+01 -1.778590649060350160e+01 -7.920558752886685738e+01 -5.160532735146415861e-01 -5.657106726723768020e+01 -2.919508526036416995e+01
4.371859296482411850e+01 -1.731340933267086868e+01 -7.912031108994654005e+01 -5.160171245225317893e-01 -5.666052597242569533e+01 -2.916323316759643802e+01
4.402010050251256246e+01 -1.684943471693931372e+01 -7.903399710320525173e+01 -5.159810201194766632e-01 -5.674983636759255035e+01 -2.913113187926170866e+01
4.432160804020099931e+01 -1.639388193221853385e+01 -7.894666860252959850e+01 -5.159449602206499508e-01 -5.683899752801028171e+01 -2.909878190853598312e+01
4.462311557788944327e+01 -1.594664729053921270e+01 -7.885834816835637184e+01 -5.159089449609749467e-01 -5.692800853541484685e+01 -2.906618377132430453e+01
4.492462311557788723e+01 -1.550762448842551855e+01 -7.876905792525701600e+01 -5.158729742556010800e-01 -5.701686847804510450e+01 -2.903333798620777273e+01
4.522613065326632409e+01 -1.507670494803861594e+01 -7.867881954060186445e+01 -5.158370482394577516e-01 -5.710557645062778676e+01 -2.900024507442401145e+01
4.552763819095476805e+01 -1.465377813928536099e+01 -7.858765422436445647e+01 -5.158011668276696327e-01 -5.719413155441084484e+01 -2.896690555984913473e+01
4.582914572864321201e+01 -1.423873188257882205e+01 -7.849558272983122720e+01 -5.157653301237660193e-01 -5.728253289716411700e+01 -2.893331996896328207e+01
4.613065326633165597e+01 -1.383145263331058850e+01 -7.840262535525400267e+01 -5.157295381370665677e-01 -5.737077959319452702e+01 -2.889948883080738185e+01
4.643216080402009993e+01 -1.332644867649631770e+01 -7.830491365166133733e+01 -5.630758301474448890e-01 -5.307235057571141112e+01 -2.456356349066846079e+01
4.673366834170853679e+01 -1.269739370386271560e+01 -7.820075044025151101e+01 -6.307349227685353776e-01 -4.885082220960551780e+01 -1.992035231111821858e+01
4.703517587939698075e+01 -1.208059295876703665e+01 -7.809485378124963972e+01 -6.307349198408045421e-01 -4.891659391312032312e+01 -1.990906728725579100e+01
4.733668341708542471e+01 -1.147591603065699850e+01 -7.798726885272606069e+01 -6.307349082069265700e-01 -4.898232013044499666e+01 -1.989757427626112829e+01
4.763819095477386156e+01 -1.088322360075868112e+01 -7.787803993485744058e+01 -6.307348879182647083e-01 -4.904800004703724170e+01 -1.988587343836918109e+01
4.793969849246230552e+01 -1.030236841008680138e+01 -7.776721038915809459e+01 -6.307348588464088968e-01 -4.911363284981165833e+01 -1.987396493661518093e+01
4.824120603015074948e+01 -9.733196176752512585e+00 -7.765482264212363361e+01 -6.307348211197669752e-01 -4.917921772718219131e+01 -1.986184893686146324e+01
4.854271356783919344e+01 -9.175546462942023140e+00 -7.754091817309327439e+01 -6.307347746869740313e-01 -4.924475386907437269e+01 -1.984952560775076691e+01
4.884422110552763741e+01 -8.629253491015118627e+00 -7.742553750589104311e+01 -6.307347194966640425e-01 -4.931024046695382168e+01 -1.983699512073462401e+01
4.914572864321607426e+01 -8.045974527162359280e+00 -7.730516785719814266e+01 -6.680020851839495455e-01 -4.790011400972685607e+01 -1.943296793495483143e+01
4.944723618090451822e+01 -7.424285502215517418e+00 -7.717922992312679753e+01 -7.082609607877300428e-01 -4.656581699504004490e+01 -1.904529630725097533e+01
4.974874371859296218e+01 -6.816175722722149999e+00 -7.705143331692485731e+01 -7.082761309140077621e-01 -4.663238506059360589e+01 -1.904006830868203082e+01
5.005025125628139904e+01 -6.240155175251626218e+00 -7.693438548907940344e+01 -6.571409031066863804e-01 -4.507610125845867088e+01 -1.768671372050211232e+01
5.035175879396984300e+01 -5.765616174268876293e+00 -7.687888704815941310e+01 -4.229499131544590118e-01 -3.208557430946030564e+01 -5.837764004282338881e+00
5.065326633165828696e+01 -5.295225247945705149e+00 -7.682242708124468322e+01 -4.229829303692909659e-01 -3.209795563435815779e+01 -5.840301194075292912e+00
5.095477386934673092e+01 -4.828999887855496276e+00 -7.676501762472389601e+01 -4.230159489129248218e-01 -3.211034753034242328e+01 -5.842810691184842753e+00
5.125628140703517488e+01 -4.366954923189220850e+00 -7.670667071206287346e+01 -4.230489687850493286e-01 -3.212274993030488446e+01 -5.845292448991505019e+00
5.155778894472361173e+01 -3.909102595346118036e+00 -7.664739836538089435e+01 -4.230819898704931137e-01 -3.213516276693703588e+01 -5.847746421044281995e+00
5.185929648241205570e+01 -3.455452633839215970e+00 -7.658721258736008508e+01 -4.231150119775535789e-01 -3.214758597272616214e+01 -5.850172561074388433e+00
5.216080402010049966e+01 -3.006012333049679519e+00 -7.652612535346230516e+01 -4.231480350677104818e-01 -3.216001947996966237e+01 -5.852570822974994869e+00
5.246231155778893651e+01 -2.524737636028392185e+00 -7.646048658948612342e+01 -4.552816282551900851e-01 -3.165372997218003803e+01 -5.873865511527620598e+00
5.276381909547738047e+01 -1.911389913739778734e+00 -7.637938831074160362e+01 -5.788027555446318972e-01 -3.022309098575590980e+01 -5.927193556284905185e+00
5.306532663316582443e+01 -1.305720647112263322e+00 -7.629656839286548120e+01 -5.788578268205735178e-01 -3.025948356107548065e+01 -5.927664128529351650e+00
5.336683417085426839e+01 -7.077497652458302202e-01 -7.621205729948911767e+01 -5.789126166592445388e-01 -3.029586811730347762e+01 -5.928012125597743598e+00
5.366834170854271235e+01 -1.174892318188094226e-01 -7.612588538018198392e+01 -5.789671250006543923e-01 -3.033224427104082821e+01 -5.928237571397406924e+00
5.396984924623114921e+01 4.650565985531062152e-01 -7.603808283746860752e+01 -5.790213518124003311e-01 -3.036861163895303406e+01 -5.928340491054986394e+00
5.427135678391959317e+01 1.039890621911845781e+00 -7.594867969595946988e+01 -5.790752970896537732e-01 -3.040496983776558793e+01 -5.928320910922318276e+00
5.457286432160803713e+01 1.607022626057193149e+00 -7.585770577360480615e+01 -5.791289606313855254e-01 -3.044131848428977705e+01 -5.928178858578102783e+00
5.487437185929647399e+01 2.166468933440863331e+00 -7.576519065493096150e+01 -5.791823424879392057e-01 -3.047765719540619145e+01 -5.927914362816120608e+00
5.517587939698491795e+01 2.718252046522720899e+00 -7.567116366634090241e+01 -5.792354425973681442e-01 -3.051398558809249906e+01 -5.927527453662434276e+00
5.547738693467336191e+01 3.262400297454078224e+00 -7.557565385334766006e+01 -5.792882609532635785e-01 -3.055030327940666979e+01 -5.927018162351417097e+00
5.577889447236180587e+01 3.798947502778389218e+00 -7.547868995976924111e+01 -5.793407972412450979e-01 -3.058660988651151413e+01 -5.926386521356423742e+00
5.608040201005024983e+01 4.203828792340482678e+00 -7.540932568475184894e+01 -4.282252386776999598e-01 -2.878582306033925775e+01 -4.389245252099257755e+00
5.638190954773868668e+01 4.522181561940235461e+00 -7.535880501139277499e+01 -3.275598199822392642e-01 -2.660968662342941116e+01 -2.576357503623490253e+00
5.668341708542713064e+01 4.838401203638736270e+00 -7.530783255785576102e+01 -3.276474097728935275e-01 -2.659165755008032406e+01 -2.595809383581377805e+00
5.698492462311557460e+01 5.152489953310439574e+00 -7.525641244983074785e+01 -3.277352728550557148e-01 -2.657371358454144428e+01 -2.615335422104391405e+00
5.728643216080401146e+01 5.464450498421978608e+00 -7.520454879480871568e+01 -3.278234089595712941e-01 -2.655585501305525753e+01 -2.634935254084718625e+00
5.758793969849245542e+01 5.774285964194958432e+00 -7.515224568125674409e+01 -3.279118172735065451e-01 -2.653808212011626466e+01 -2.654608513380171342e+00
5.788944723618089938e+01 6.081999900855423746e+00 -7.509950717766793105e+01 -3.280004974779792137e-01 -2.652039518844906851e+01 -2.674354832879711985e+00
5.819095477386934334e+01 6.387596270694812617e+00 -7.504633733169427501e+01 -3.280894494512632820e-01 -2.650279449899068851e+01 -2.694173844437991683e+00
5.849246231155778730e+01 6.691079434421467909e+00 -7.499274016946125698e+01 -3.281786723800689254e-01 -2.648528033093192136e+01 -2.714065178949021995e+00
5.879396984924622416e+01 6.992454138617086201e+00 -7.493871969475307537e+01 -3.282681657967345124e-01 -2.646785296166073920e+01 -2.734028466302831806e+00
5.909547738693466812e+01 7.291725503092485461e+00 -7.488427988827277204e+01 -3.283579293321020609e-01 -2.645051266680538760e+01 -2.754063335448880601e+00
5.939698492462311208e+01 7.588899008475145536e+00 -7.482942470692054826e+01 -3.284479628140225538e-01 -2.643325972021626669e+01 -2.774169414361274288e+00
5.969849246231154893e+01 7.883980483061591826e+00 -7.477415808327234004e+01 -3.285382652809971660e-01 -2.641609439394752812e+01 -2.794346330062371209e+00
6.000000000000000000e+01 8.176976091922597334e+00 -7.471848392470354838e+01 -3.286288372999418561e-01 -2.639901695828728023e+01 -2.814593708644943515e+00
